0
5.77779e-033
1.26148e-032
2.9563e-032
4.02519e-032
3.35112e-032
2.31112e-032
2.92741e-032
3.54371e-032
3.54371e-032
3.54371e-032
3.54371e-032
3.54371e-032
3.54371e-032
3.54371e-032
3.54371e-032
3.54371e-032
3.54371e-032
3.54371e-032
3.54371e-032
3.54371e-032
3.54371e-032
1.07422e-028
-6.91213e-023
-8.04732e-023
-2.53691e-021
1.02683e-020
9.9501e-021
-5.08512e-020
-2.02059e-019
1.11086e-018
-9.32301e-018
-2.71146e-018
-4.99797e-017
-2.43162e-017
6.33332e-017
-1.55891e-016
1.9924e-017
4.14071e-017
-2.53499e-016
1.39144e-016
-2.24657e-016
2.3599e-016
-4.1304e-016
2.53554e-016
-4.33006e-016
2.36653e-016
-4.9177e-016
2.99561e-016
-3.4074e-016
8.76746e-017
-3.02457e-016
-4.75676e-016
-2.00823e-015
-5.83924e-015
-1.81377e-014
-5.49261e-014
-1.61729e-013
-4.70341e-013
-1.33545e-012
-3.72287e-012
-1.01652e-011
-2.72106e-011
-7.13845e-011
-1.83554e-010
-4.62589e-010
-1.14264e-009
-2.7663e-009
-6.56399e-009
-1.52656e-008
-3.47966e-008
-7.77386e-008
-1.70221e-007
-3.65314e-007
-7.68413e-007
-1.58416e-006
-3.20096e-006
-6.33921e-006
-1.23045e-005
-2.34083e-005
-4.36465e-005
-7.97633e-005
-0.000142867
-0.000250802
-0.000431526
-0.000727704
-0.00120275
-0.00194836
-0.0030934
-0.00481365
-0.00734152
-0.0109741
-0.0160777
-0.0230862
-0.03249
-0.0448147
-0.0605845
-0.0802739
-0.104246
-0.132682
-0.165515
-0.202364
-0.242494
-0.284799
-0.327828
-0.369849
-0.408952
-0.443192
-0.47074
-0.49005
-0.5
-0.5
-0.49005
-0.47074
-0.443192
-0.408952
-0.369849
-0.327828
-0.284799
-0.242494
-0.202364
-0.165515
-0.132682
-0.104246
-0.0802739
-0.0605845
-0.0448147
-0.03249
-0.0230862
-0.0160777
-0.0109741
-0.00734152
-0.00481365
-0.0030934
-0.00194836
-0.00120275
-0.000727704
-0.000431526
-0.000250802
-0.000142867
-7.97633e-005
-4.36465e-005
4.36465e-005
-4.36465e-005
4.36465e-005
-4.36465e-005
4.36465e-005
-4.36465e-005
4.36465e-005
-4.36465e-005
4.36465e-005
-4.36465e-005
4.36465e-005
-4.36465e-005
4.36465e-005
-4.36465e-005
4.36465e-005
-4.36465e-005
4.36465e-005
7.97633e-005
0.000142867
0.000250802
0.000431526
0.000727704
0.00120275
0.00194836
0.0030934
0.00481366
0.00734153
0.0109741
0.0160778
0.0230862
0.0324902
0.0448151
0.0605853
0.0802755
0.104249
0.132688
0.165527
0.202388
0.242537
0.284878
0.327971
0.370099
0.409384
0.443919
0.471942
0.491998
0.503093
0.504814
0.497391
0.481714
0.459269
0.432038
0.402339
0.372642
0.345383
0.322768
0.30661
0.298197
