0 0 0 0 0 0 0 0 0 0 0 0 0 0 0 0 0 0 0 0 0 0 0 0 0 0 0 0 0 0 0 0 0 0 0 0 0 0 0 0 0 0 0 0 0 0 0 0 0 0 0.00012341 0.00012341 0 0 0 0 0 0 0 0 0 0 0 0 0 0 0 0 0 0 0 0 0 0 0 0 0 0 0 0 0 0 0 0 0 0 0 0 0 0 0 0 0 0 0 0 0 0 0 0 0 0 0 0 0 0 0 0 0 0 0 0 0 0 0 0 0 0 0 0 0 0 0 0 0 0 0 0 0 0 0 0 0 0 0 0 0 0 0 0 0 0 0 0 0 0 0 0 0 0 0 0 0 0 0 0 0 0 0 0 0 0 0 0 0 0 0 0 0 0 0 0 0 0 0 0 0 0 0 0 0 0 0 0 0 0 0 0 0 0 0 0 0 0 0 0 0 0 0 0 
0 0 0 0 0 0 0 0 0 0 0 0 0 0 0 0 0 0 0 0 0 0 0 0 0 0 0 0 0 0 0 0 0 0 0 0 0 0 0 0 0 0 0 0 0 0 0 0 0.00012341 0.00034604 0.000739709 0.000739709 0 0 0 0 0 0 0 0 0 0 0 0 0 0 0 0 0 0 0 0 0 0 0 0 0 0 0 0 0 0 0 0 0 0 0 0 0 0 0 0 0 0 0 0 0 0 0 0 0 0 0 0 0 0 0 0 0 0 0 0 0 0 0 0 0 0 0 0 0 0 0 0 0 0 0 0 0 0 0 0 0 0 0 0 0 0 0 0 0 0 0 0 0 0 0 0 0 0 0 0 0 0 0 0 0 0 0 0 0 0 0 0 0 0 0 0 0 0 0 0 0 0 0 0 0 0 0 0 0 0 0 0 0 0 0 0 0 0 0 0 0 0 0 0 0 0 0 0 
0 0 0 0 0 0 0 0 0 0 0 0 0 0 0 0 0 0 0 0 0 0 0 0 0 0 0 0 0 0 0 0 0 0 0 0 0 0 0 0 0 0 0 0 0 0 0.00012341 0.00034604 0.000739709 0.00142204 0.00258127 0.00258127 0 0 0 0 0 0 0 0 0 0 0 0 0 0 0 0 0 0 0 0 0 0 0 0 0 0 0 0 0 0 0 0 0 0 0 0 0 0 0 0 0 0 0 0 0 0 0 0 0 0 0 0 0 0 0 0 0 0 0 0 0 0 0 0 0 0 0 0 0 0 0 0 0 0 0 0 0 0 0 0 0 0 0 0 0 0 0 0 0 0 0 0 0 0 0 0 0 0 0 0 0 0 0 0 0 0 0 0 0 0 0 0 0 0 0 0 0 0 0 0 0 0 0 0 0 0 0 0 0 0 0 0 0 0 0 0 0 0 0 0 0 0 0 0 0 0 0 0 
0 0 0 0 0 0 0 0 0 0 0 0 0 0 0 0 0 0 0 0 0 0 0 0 0 0 0 0 0 0 0 0 0 0 0 0 0 0 0 0 0 0 0 0 0.00012341 0.00034604 0.000739709 0.00142204 0.00258127 0.00451172 0.00766283 0.00766283 0 0 0 0 0 0 0 0 0 0 0 0 0 0 0 0 0 0 0 0 0 0 0 0 0 0 0 0 0 0 0 0 0 0 0 0 0 0 0 0 0 0 0 0 0 0 0 0 0 0 0 0 0 0 0 0 0 0 0 0 0 0 0 0 0 0 0 0 0 0 0 0 0 0 0 0 0 0 0 0 0 0 0 0 0 0 0 0 0 0 0 0 0 0 0 0 0 0 0 0 0 0 0 0 0 0 0 0 0 0 0 0 0 0 0 0 0 0 0 0 0 0 0 0 0 0 0 0 0 0 0 0 0 0 0 0 0 0 0 0 0 0 0 0 0 0 0 0 
0 0 0 0 0 0 0 0 0 0 0 0 0 0 0 0 0 0 0 0 0 0 0 0 0 0 0 0 0 0 0 0 0 0 0 0 0 0 0 0 0 0 0.00012341 0.00034604 0.000739709 0.00142204 0.00258127 0.00451172 0.00766283 0.0127046 0.0206116 0.0206116 0 0 0 0 0 0 0 0 0 0 0 0 0 0 0 0 0 0 0 0 0 0 0 0 0 0 0 0 0 0 0 0 0 0 0 0 0 0 0 0 0 0 0 0 0 0 0 0 0 0 0 0 0 0 0 0 0 0 0 0 0 0 0 0 0 0 0 0 0 0 0 0 0 0 0 0 0 0 0 0 0 0 0 0 0 0 0 0 0 0 0 0 0 0 0 0 0 0 0 0 0 0 0 0 0 0 0 0 0 0 0 0 0 0 0 0 0 0 0 0 0 0 0 0 0 0 0 0 0 0 0 0 0 0 0 0 0 0 0 0 0 0 0 0 0 0 0 0 
0 0 0 0 0 0 0 0 0 0 0 0 0 0 0 0 0 0 0 0 0 0 0 0 0 0 0 0 0 0 0 0 0 0 0 0 0 0 0 0 0.00012341 0.00034604 0.000739709 0.00142204 0.00258127 0.00451172 0.00766283 0.0127046 0.0206116 0.0327668 0.0510825 0.0510825 0 0 0 0 0 0 0 0 0 0 0 0 0 0 0 0 0 0 0 0 0 0 0 0 0 0 0 0 0 0 0 0 0 0 0 0 0 0 0 0 0 0 0 0 0 0 0 0 0 0 0 0 0 0 0 0 0 0 0 0 0 0 0 0 0 0 0 0 0 0 0 0 0 0 0 0 0 0 0 0 0 0 0 0 0 0 0 0 0 0 0 0 0 0 0 0 0 0 0 0 0 0 0 0 0 0 0 0 0 0 0 0 0 0 0 0 0 0 0 0 0 0 0 0 0 0 0 0 0 0 0 0 0 0 0 0 0 0 0 0 0 0 0 0 0 0 0 0 
0 0 0 0 0 0 0 0 0 0 0 0 0 0 0 0 0 0 0 0 0 0 0 0 0 0 0 0 0 0 0 0 0 0 0 0 0 0 0.00012341 0.00034604 0.000739709 0.00142204 0.00258127 0.00451172 0.00766283 0.0127046 0.0206116 0.0327668 0.0510825 0.0781343 0.117298 0.117298 0 0 0 0 0 0 0 0 0 0 0 0 0 0 0 0 0 0 0 0 0 0 0 0 0 0 0 0 0 0 0 0 0 0 0 0 0 0 0 0 0 0 0 0 0 0 0 0 0 0 0 0 0 0 0 0 0 0 0 0 0 0 0 0 0 0 0 0 0 0 0 0 0 0 0 0 0 0 0 0 0 0 0 0 0 0 0 0 0 0 0 0 0 0 0 0 0 0 0 0 0 0 0 0 0 0 0 0 0 0 0 0 0 0 0 0 0 0 0 0 0 0 0 0 0 0 0 0 0 0 0 0 0 0 0 0 0 0 0 0 0 0 0 0 0 0 0 0 
0 0 0 0 0 0 0 0 0 0 0 0 0 0 0 0 0 0 0 0 0 0 0 0 0 0 0 0 0 0 0 0 0 0 0 0 0.00012341 0.00034604 0.000739709 0.00142204 0.00258127 0.00451172 0.00766283 0.0127046 0.0206116 0.0327668 0.0510825 0.0781343 0.117298 0.172874 0.250179 0.250179 0 0 0 0 0 0 0 0 0 0 0 0 0 0 0 0 0 0 0 0 0 0 0 0 0 0 0 0 0 0 0 0 0 0 0 0 0 0 0 0 0 0 0 0 0 0 0 0 0 0 0 0 0 0 0 0 0 0 0 0 0 0 0 0 0 0 0 0 0 0 0 0 0 0 0 0 0 0 0 0 0 0 0 0 0 0 0 0 0 0 0 0 0 0 0 0 0 0 0 0 0 0 0 0 0 0 0 0 0 0 0 0 0 0 0 0 0 0 0 0 0 0 0 0 0 0 0 0 0 0 0 0 0 0 0 0 0 0 0 0 0 0 0 0 0 0 0 0 
0 0 0 0 0 0 0 0 0 0 0 0 0 0 0 0 0 0 0 0 0 0 0 0 0 0 0 0 0 0 0 0 0 0 0.00012341 0.00034604 0.000739709 0.00142204 0.00258127 0.00451172 0.00766283 0.0127046 0.0206116 0.0327668 0.0510825 0.0781343 0.117298 0.172874 0.250179 0.355578 0.496437 0.496437 0 0 0 0 0 0 0 0 0 0 0 0 0 0 0 0 0 0 0 0 0 0 0 0 0 0 0 0 0 0 0 0 0 0 0 0 0 0 0 0 0 0 0 0 0 0 0 0 0 0 0 0 0 0 0 0 0 0 0 0 0 0 0 0 0 0 0 0 0 0 0 0 0 0 0 0 0 0 0 0 0 0 0 0 0 0 0 0 0 0 0 0 0 0 0 0 0 0 0 0 0 0 0 0 0 0 0 0 0 0 0 0 0 0 0 0 0 0 0 0 0 0 0 0 0 0 0 0 0 0 0 0 0 0 0 0 0 0 0 0 0 0 0 0 0 0 0 0 
0 0 0 0 0 0 0 0 0 0 0 0 0 0 0 0 0 0 0 0 0 0 0 0 0 0 0 0 0 0 0 0 0.00012341 0.00034604 0.000739709 0.00142204 0.00258127 0.00451172 0.00766283 0.0127046 0.0206116 0.0327668 0.0510825 0.0781343 0.117298 0.172874 0.250179 0.355578 0.496437 0.680956 0.917884 0.917884 0 0 0 0 0 0 0 0 0 0 0 0 0 0 0 0 0 0 0 0 0 0 0 0 0 0 0 0 0 0 0 0 0 0 0 0 0 0 0 0 0 0 0 0 0 0 0 0 0 0 0 0 0 0 0 0 0 0 0 0 0 0 0 0 0 0 0 0 0 0 0 0 0 0 0 0 0 0 0 0 0 0 0 0 0 0 0 0 0 0 0 0 0 0 0 0 0 0 0 0 0 0 0 0 0 0 0 0 0 0 0 0 0 0 0 0 0 0 0 0 0 0 0 0 0 0 0 0 0 0 0 0 0 0 0 0 0 0 0 0 0 0 0 0 0 0 0 0 
0 0 0 0 0 0 0 0 0 0 0 0 0 0 0 0 0 0 0 0 0 0 0 0 0 0 0 0 0 0 0.00012341 0.00034604 0.000739709 0.00142204 0.00258127 0.00451172 0.00766283 0.0127046 0.0206116 0.0327668 0.0510825 0.0781343 0.117298 0.172874 0.250179 0.355578 0.496437 0.680956 0.917884 1.21608 1.58396 1.58396 0 0 0 0 0 0 0 0 0 0 0 0 0 0 0 0 0 0 0 0 0 0 0 0 0 0 0 0 0 0 0 0 0 0 0 0 0 0 0 0 0 0 0 0 0 0 0 0 0 0 0 0 0 0 0 0 0 0 0 0 0 0 0 0 0 0 0 0 0 0 0 0 0 0 0 0 0 0 0 0 0 0 0 0 0 0 0 0 0 0 0 0 0 0 0 0 0 0 0 0 0 0 0 0 0 0 0 0 0 0 0 0 0 0 0 0 0 0 0 0 0 0 0 0 0 0 0 0 0 0 0 0 0 0 0 0 0 0 0 0 0 0 0 0 0 0 0 0 
0 0 0 0 0 0 0 0 0 0 0 0 0 0 0 0 0 0 0 0 0 0 0 0 0 0 0 0 0.00012341 0.00034604 0.000739709 0.00142204 0.00258127 0.00451172 0.00766283 0.0127046 0.0206116 0.0327668 0.0510825 0.0781343 0.117298 0.172874 0.250179 0.355578 0.496437 0.680956 0.917884 1.21608 1.58396 2.02882 2.55611 2.55611 0 0 0 0 0 0 0 0 0 0 0 0 0 0 0 0 0 0 0 0 0 0 0 0 0 0 0 0 0 0 0 0 0 0 0 0 0 0 0 0 0 0 0 0 0 0 0 0 0 0 0 0 0 0 0 0 0 0 0 0 0 0 0 0 0 0 0 0 0 0 0 0 0 0 0 0 0 0 0 0 0 0 0 0 0 0 0 0 0 0 0 0 0 0 0 0 0 0 0 0 0 0 0 0 0 0 0 0 0 0 0 0 0 0 0 0 0 0 0 0 0 0 0 0 0 0 0 0 0 0 0 0 0 0 0 0 0 0 0 0 0 0 0 0 0 0 0 0 
0 0 0 0 0 0 0 0 0 0 0 0 0 0 0 0 0 0 0 0 0 0 0 0 0 0 0.00012341 0.00034604 0.000739709 0.00142204 0.00258127 0.00451172 0.00766283 0.0127046 0.0206116 0.0327668 0.0510825 0.0781343 0.117298 0.172874 0.250179 0.355578 0.496437 0.680956 0.917884 1.21608 1.58396 2.02882 2.55611 3.16874 3.86641 3.86641 0 0 0 0 0 0 0 0 0 0 0 0 0 0 0 0 0 0 0 0 0 0 0 0 0 0 0 0 0 0 0 0 0 0 0 0 0 0 0 0 0 0 0 0 0 0 0 0 0 0 0 0 0 0 0 0 0 0 0 0 0 0 0 0 0 0 0 0 0 0 0 0 0 0 0 0 0 0 0 0 0 0 0 0 0 0 0 0 0 0 0 0 0 0 0 0 0 0 0 0 0 0 0 0 0 0 0 0 0 0 0 0 0 0 0 0 0 0 0 0 0 0 0 0 0 0 0 0 0 0 0 0 0 0 0 0 0 0 0 0 0 0 0 0 0 0 0 0 
0 0 0 0 0 0 0 0 0 0 0 0 0 0 0 0 0 0 0 0 0 0 0 0 0.00012341 0.00034604 0.000739709 0.00142204 0.00258127 0.00451172 0.00766283 0.0127046 0.0206116 0.0327668 0.0510825 0.0781343 0.117298 0.172874 0.250179 0.355578 0.496437 0.680956 0.917884 1.21608 1.58396 2.02882 2.55611 3.16874 3.86641 4.64521 5.49736 5.49736 0 0 0 0 0 0 0 0 0 0 0 0 0 0 0 0 0 0 0 0 0 0 0 0 0 0 0 0 0 0 0 0 0 0 0 0 0 0 0 0 0 0 0 0 0 0 0 0 0 0 0 0 0 0 0 0 0 0 0 0 0 0 0 0 0 0 0 0 0 0 0 0 0 0 0 0 0 0 0 0 0 0 0 0 0 0 0 0 0 0 0 0 0 0 0 0 0 0 0 0 0 0 0 0 0 0 0 0 0 0 0 0 0 0 0 0 0 0 0 0 0 0 0 0 0 0 0 0 0 0 0 0 0 0 0 0 0 0 0 0 0 0 0 0 0 0 0 0 
0 0 0 0 0 0 0 0 0 0 0 0 0 0 0 0 0 0 0 0 0 0 0.00012341 0.00034604 0.000739709 0.00142204 0.00258127 0.00451172 0.00766283 0.0127046 0.0206116 0.0327668 0.0510825 0.0781343 0.117298 0.172874 0.250179 0.355578 0.496437 0.680956 0.917884 1.21608 1.58396 2.02882 2.55611 3.16874 3.86641 4.64521 5.49736 6.41129 7.37208 7.37208 0 0 0 0 0 0 0 0 0 0 0 0 0 0 0 0 0 0 0 0 0 0 0 0 0 0 0 0 0 0 0 0 0 0 0 0 0 0 0 0 0 0 0 0 0 0 0 0 0 0 0 0 0 0 0 0 0 0 0 0 0 0 0 0 0 0 0 0 0 0 0 0 0 0 0 0 0 0 0 0 0 0 0 0 0 0 0 0 0 0 0 0 0 0 0 0 0 0 0 0 0 0 0 0 0 0 0 0 0 0 0 0 0 0 0 0 0 0 0 0 0 0 0 0 0 0 0 0 0 0 0 0 0 0 0 0 0 0 0 0 0 0 0 0 0 0 0 0 
0 0 0 0 0 0 0 0 0 0 0 0 0 0 0 0 0 0 0 0 0.00012341 0.00034604 0.000739709 0.00142204 0.00258127 0.00451172 0.00766283 0.0127046 0.0206116 0.0327668 0.0510825 0.0781343 0.117298 0.172874 0.250179 0.355578 0.496437 0.680956 0.917884 1.21608 1.58396 2.02882 2.55611 3.16874 3.86641 4.64521 5.49736 6.41129 7.37208 8.36213 9.36213 9.36213 0 0 0 0 0 0 0 0 0 0 0 0 0 0 0 0 0 0 0 0 0 0 0 0 0 0 0 0 0 0 0 0 0 0 0 0 0 0 0 0 0 0 0 0 0 0 0 0 0 0 0 0 0 0 0 0 0 0 0 0 0 0 0 0 0 0 0 0 0 0 0 0 0 0 0 0 0 0 0 0 0 0 0 0 0 0 0 0 0 0 0 0 0 0 0 0 0 0 0 0 0 0 0 0 0 0 0 0 0 0 0 0 0 0 0 0 0 0 0 0 0 0 0 0 0 0 0 0 0 0 0 0 0 0 0 0 0 0 0 0 0 0 0 0 0 0 0 0 
0 0 0 0 0 0 0 0 0 0 0 0 0 0 0 0 0 0 0.00012341 0.00034604 0.000739709 0.00142204 0.00258127 0.00451172 0.00766283 0.0127046 0.0206116 0.0327668 0.0510825 0.0781343 0.117298 0.172874 0.250179 0.355578 0.496437 0.680956 0.917884 1.21608 1.58396 2.02882 2.55611 3.16874 3.86641 4.64521 5.49736 6.41129 7.37208 8.36213 9.36213 10.3522 11.313 11.313 0 0 0 0 0 0 0 0 0 0 0 0 0 0 0 0 0 0 0 0 0 0 0 0 0 0 0 0 0 0 0 0 0 0 0 0 0 0 0 0 0 0 0 0 0 0 0 0 0 0 0 0 0 0 0 0 0 0 0 0 0 0 0 0 0 0 0 0 0 0 0 0 0 0 0 0 0 0 0 0 0 0 0 0 0 0 0 0 0 0 0 0 0 0 0 0 0 0 0 0 0 0 0 0 0 0 0 0 0 0 0 0 0 0 0 0 0 0 0 0 0 0 0 0 0 0 0 0 0 0 0 0 0 0 0 0 0 0 0 0 0 0 0 0 0 0 0 0 
0 0 0 0 0 0 0 0 0 0 0 0 0 0 0 0 0.00012341 0.00034604 0.000739709 0.00142204 0.00258127 0.00451172 0.00766283 0.0127046 0.0206116 0.0327668 0.0510825 0.0781343 0.117298 0.172874 0.250179 0.355578 0.496437 0.680956 0.917884 1.21608 1.58396 2.02882 2.55611 3.16874 3.86641 4.64521 5.49736 6.41129 7.37208 8.36213 9.36213 10.3522 11.313 12.2269 13.079 13.079 0 0 0 0 0 0 0 0 0 0 0 0 0 0 0 0 0 0 0 0 0 0 0 0 0 0 0 0 0 0 0 0 0 0 0 0 0 0 0 0 0 0 0 0 0 0 0 0 0 0 0 0 0 0 0 0 0 0 0 0 0 0 0 0 0 0 0 0 0 0 0 0 0 0 0 0 0 0 0 0 0 0 0 0 0 0 0 0 0 0 0 0 0 0 0 0 0 0 0 0 0 0 0 0 0 0 0 0 0 0 0 0 0 0 0 0 0 0 0 0 0 0 0 0 0 0 0 0 0 0 0 0 0 0 0 0 0 0 0 0 0 0 0 0 0 0 0 0 
0 0 0 0 0 0 0 0 0 0 0 0 0 0 0.00012341 0.00034604 0.000739709 0.00142204 0.00258127 0.00451172 0.00766283 0.0127046 0.0206116 0.0327668 0.0510825 0.0781343 0.117298 0.172874 0.250179 0.355578 0.496437 0.680956 0.917884 1.21608 1.58396 2.02882 2.55611 3.16874 3.86641 4.64521 5.49736 6.41129 7.37208 8.36213 9.36213 10.3522 11.313 12.2269 13.079 13.8578 14.5555 14.5555 0 0 0 0 0 0 0 0 0 0 0 0 0 0 0 0 0 0 0 0 0 0 0 0 0 0 0 0 0 0 0 0 0 0 0 0 0 0 0 0 0 0 0 0 0 0 0 0 0 0 0 0 0 0 0 0 0 0 0 0 0 0 0 0 0 0 0 0 0 0 0 0 0 0 0 0 0 0 0 0 0 0 0 0 0 0 0 0 0 0 0 0 0 0 0 0 0 0 0 0 0 0 0 0 0 0 0 0 0 0 0 0 0 0 0 0 0 0 0 0 0 0 0 0 0 0 0 0 0 0 0 0 0 0 0 0 0 0 0 0 0 0 0 0 0 0 0 0 
0 0 0 0 0 0 0 0 0 0 0 0 0.00012341 0.00034604 0.000739709 0.00142204 0.00258127 0.00451172 0.00766283 0.0127046 0.0206116 0.0327668 0.0510825 0.0781343 0.117298 0.172874 0.250179 0.355578 0.496437 0.680956 0.917884 1.21608 1.58396 2.02882 2.55611 3.16874 3.86641 4.64521 5.49736 6.41129 7.37208 8.36213 9.36213 10.3522 11.313 12.2269 13.079 13.8578 14.5555 15.1681 15.6954 15.6954 0 0 0 0 0 0 0 0 0 0 0 0 0 0 0 0 0 0 0 0 0 0 0 0 0 0 0 0 0 0 0 0 0 0 0 0 0 0 0 0 0 0 0 0 0 0 0 0 0 0 0 0 0 0 0 0 0 0 0 0 0 0 0 0 0 0 0 0 0 0 0 0 0 0 0 0 0 0 0 0 0 0 0 0 0 0 0 0 0 0 0 0 0 0 0 0 0 0 0 0 0 0 0 0 0 0 0 0 0 0 0 0 0 0 0 0 0 0 0 0 0 0 0 0 0 0 0 0 0 0 0 0 0 0 0 0 0 0 0 0 0 0 0 0 0 0 0 0 
0 0 0 0 0 0 0 0 0 0 0.00012341 0.00034604 0.000739709 0.00142204 0.00258127 0.00451172 0.00766283 0.0127046 0.0206116 0.0327668 0.0510825 0.0781343 0.117298 0.172874 0.250179 0.355578 0.496437 0.680956 0.917884 1.21608 1.58396 2.02882 2.55611 3.16874 3.86641 4.64521 5.49736 6.41129 7.37208 8.36213 9.36213 10.3522 11.313 12.2269 13.079 13.8578 14.5555 15.1681 15.6954 16.1403 16.5082 16.5082 0 0 0 0 0 0 0 0 0 0 0 0 0 0 0 0 0 0 0 0 0 0 0 0 0 0 0 0 0 0 0 0 0 0 0 0 0 0 0 0 0 0 0 0 0 0 0 0 0 0 0 0 0 0 0 0 0 0 0 0 0 0 0 0 0 0 0 0 0 0 0 0 0 0 0 0 0 0 0 0 0 0 0 0 0 0 0 0 0 0 0 0 0 0 0 0 0 0 0 0 0 0 0 0 0 0 0 0 0 0 0 0 0 0 0 0 0 0 0 0 0 0 0 0 0 0 0 0 0 0 0 0 0 0 0 0 0 0 0 0 0 0 0 0 0 0 0 0 
0 0 0 0 0 0 0 0 0.00012341 0.00034604 0.000739709 0.00142204 0.00258127 0.00451172 0.00766283 0.0127046 0.0206116 0.0327668 0.0510825 0.0781343 0.117298 0.172874 0.250179 0.355578 0.496437 0.680956 0.917884 1.21608 1.58396 2.02882 2.55611 3.16874 3.86641 4.64521 5.49736 6.41129 7.37208 8.36213 9.36213 10.3522 11.313 12.2269 13.079 13.8578 14.5555 15.1681 15.6954 16.1403 16.5082 16.8064 17.0433 17.0433 0 0 0 0 0 0 0 0 0 0 0 0 0 0 0 0 0 0 0 0 0 0 0 0 0 0 0 0 0 0 0 0 0 0 0 0 0 0 0 0 0 0 0 0 0 0 0 0 0 0 0 0 0 0 0 0 0 0 0 0 0 0 0 0 0 0 0 0 0 0 0 0 0 0 0 0 0 0 0 0 0 0 0 0 0 0 0 0 0 0 0 0 0 0 0 0 0 0 0 0 0 0 0 0 0 0 0 0 0 0 0 0 0 0 0 0 0 0 0 0 0 0 0 0 0 0 0 0 0 0 0 0 0 0 0 0 0 0 0 0 0 0 0 0 0 0 0 0 
0 0 0 0 0 0 0.00012341 0.00034604 0.000739709 0.00142204 0.00258127 0.00451172 0.00766283 0.0127046 0.0206116 0.0327668 0.0510825 0.0781343 0.117298 0.172874 0.250179 0.355578 0.496437 0.680956 0.917884 1.21608 1.58396 2.02882 2.55611 3.16874 3.86641 4.64521 5.49736 6.41129 7.37208 8.36213 9.36213 10.3522 11.313 12.2269 13.079 13.8578 14.5555 15.1681 15.6954 16.1403 16.5082 16.8064 17.0433 17.2278 17.3687 17.3687 0 0 0 0 0 0 0 0 0 0 0 0 0 0 0 0 0 0 0 0 0 0 0 0 0 0 0 0 0 0 0 0 0 0 0 0 0 0 0 0 0 0 0 0 0 0 0 0 0 0 0 0 0 0 0 0 0 0 0 0 0 0 0 0 0 0 0 0 0 0 0 0 0 0 0 0 0 0 0 0 0 0 0 0 0 0 0 0 0 0 0 0 0 0 0 0 0 0 0 0 0 0 0 0 0 0 0 0 0 0 0 0 0 0 0 0 0 0 0 0 0 0 0 0 0 0 0 0 0 0 0 0 0 0 0 0 0 0 0 0 0 0 0 0 0 0 0 0 
0 0 0 0 0.00012341 0.00034604 0.000739709 0.00142204 0.00258127 0.00451172 0.00766283 0.0127046 0.0206116 0.0327668 0.0510825 0.0781343 0.117298 0.172874 0.250179 0.355578 0.496437 0.680956 0.917884 1.21608 1.58396 2.02882 2.55611 3.16874 3.86641 4.64521 5.49736 6.41129 7.37208 8.36213 9.36213 10.3522 11.313 12.2269 13.079 13.8578 14.5555 15.1681 15.6954 16.1403 16.5082 16.8064 17.0433 17.2278 17.3687 17.4741 17.5514 17.5514 0 0 0 0 0 0 0 0 0 0 0 0 0 0 0 0 0 0 0 0 0 0 0 0 0 0 0 0 0 0 0 0 0 0 0 0 0 0 0 0 0 0 0 0 0 0 0 0 0 0 0 0 0 0 0 0 0 0 0 0 0 0 0 0 0 0 0 0 0 0 0 0 0 0 0 0 0 0 0 0 0 0 0 0 0 0 0 0 0 0 0 0 0 0 0 0 0 0 0 0 0 0 0 0 0 0 0 0 0 0 0 0 0 0 0 0 0 0 0 0 0 0 0 0 0 0 0 0 0 0 0 0 0 0 0 0 0 0 0 0 0 0 0 0 0 0 0 0 
0 0 0.00012341 0.00034604 0.000739709 0.00142204 0.00258127 0.00451172 0.00766283 0.0127046 0.0206116 0.0327668 0.0510825 0.0781343 0.117298 0.172874 0.250179 0.355578 0.496437 0.680956 0.917884 1.21608 1.58396 2.02882 2.55611 3.16874 3.86641 4.64521 5.49736 6.41129 7.37208 8.36213 9.36213 10.3522 11.313 12.2269 13.079 13.8578 14.5555 15.1681 15.6954 16.1403 16.5082 16.8064 17.0433 17.2278 17.3687 17.4741 17.5514 17.607 17.6461 17.6461 0 0 0 0 0 0 0 0 0 0 0 0 0 0 0 0 0 0 0 0 0 0 0 0 0 0 0 0 0 0 0 0 0 0 0 0 0 0 0 0 0 0 0 0 0 0 0 0 0 0 0 0 0 0 0 0 0 0 0 0 0 0 0 0 0 0 0 0 0 0 0 0 0 0 0 0 0 0 0 0 0 0 0 0 0 0 0 0 0 0 0 0 0 0 0 0 0 0 0 0 0 0 0 0 0 0 0 0 0 0 0 0 0 0 0 0 0 0 0 0 0 0 0 0 0 0 0 0 0 0 0 0 0 0 0 0 0 0 0 0 0 0 0 0 0 0 0 0 
0 0.00034604 0.000739709 0.00142204 0.00258127 0.00451172 0.00766283 0.0127046 0.0206116 0.0327668 0.0510825 0.0781343 0.117298 0.172874 0.250179 0.355578 0.496437 0.680956 0.917884 1.21608 1.58396 2.02882 2.55611 3.16874 3.86641 4.64521 5.49736 6.41129 7.37208 8.36213 9.36213 10.3522 11.313 12.2269 13.079 13.8578 14.5555 15.1681 15.6954 16.1403 16.5082 16.8064 17.0433 17.2278 17.3687 17.4741 17.5514 17.607 17.6461 17.6732 17.6915 17.6915 0 0 0 0 0 0 0 0 0 0 0 0 0 0 0 0 0 0 0 0 0 0 0 0 0 0 0 0 0 0 0 0 0 0 0 0 0 0 0 0 0 0 0 0 0 0 0 0 0 0 0 0 0 0 0 0 0 0 0 0 0 0 0 0 0 0 0 0 0 0 0 0 0 0 0 0 0 0 0 0 0 0 0 0 0 0 0 0 0 0 0 0 0 0 0 0 0 0 0 0 0 0 0 0 0 0 0 0 0 0 0 0 0 0 0 0 0 0 0 0 0 0 0 0 0 0 0 0 0 0 0 0 0 0 0 0 0 0 0 0 0 0 0 0 0 0 0 0 
0 0.001076 0.00245786 0.00451172 0.00766283 0.0127046 0.0206116 0.0327668 0.0510825 0.0781343 0.117298 0.172874 0.250179 0.355578 0.496437 0.680956 0.917884 1.21608 1.58396 2.02882 2.55611 3.16874 3.86641 4.64521 5.49736 6.41129 7.37208 8.36213 9.36213 10.3522 11.313 12.2269 13.079 13.8578 14.5555 15.1681 15.6954 16.1403 16.5082 16.8064 17.0433 17.2278 17.3687 17.4741 17.5514 17.607 17.6461 17.6732 17.6915 17.7036 17.7116 17.7116 0 0 0 0 0 0 0 0 0 0 0 0 0 0 0 0 0 0 0 0 0 0 0 0 0 0 0 0 0 0 0 0 0 0 0 0 0 0 0 0 0 0 0 0 0 0 0 0 0 0 0 0 0 0 0 0 0 0 0 0 0 0 0 0 0 0 0 0 0 0 0 0 0 0 0 0 0 0 0 0 0 0 0 0 0 0 0 0 0 0 0 0 0 0 0 0 0 0 0 0 0 0 0 0 0 0 0 0 0 0 0 0 0 0 0 0 0 0 0 0 0 0 0 0 0 0 0 0 0 0 0 0 0 0 0 0 0 0 0 0 0 0 0 0 0 0 0 0 
0 0.00308968 0.00692312 0.0123586 0.0204882 0.0327668 0.0510825 0.0781343 0.117298 0.172874 0.250179 0.355578 0.496437 0.680956 0.917884 1.21608 1.58396 2.02882 2.55611 3.16874 3.86641 4.64521 5.49736 6.41129 7.37208 8.36213 9.36213 10.3522 11.313 12.2269 13.079 13.8578 14.5555 15.1681 15.6954 16.1403 16.5082 16.8064 17.0433 17.2278 17.3687 17.4741 17.5514 17.607 17.6461 17.6732 17.6915 17.7036 17.7116 17.7166 17.7197 17.7197 0 0 0 0 0 0 0 0 0 0 0 0 0 0 0 0 0 0 0 0 0 0 0 0 0 0 0 0 0 0 0 0 0 0 0 0 0 0 0 0 0 0 0 0 0 0 0 0 0 0 0 0 0 0 0 0 0 0 0 0 0 0 0 0 0 0 0 0 0 0 0 0 0 0 0 0 0 0 0 0 0 0 0 0 0 0 0 0 0 0 0 0 0 0 0 0 0 0 0 0 0 0 0 0 0 0 0 0 0 0 0 0 0 0 0 0 0 0 0 0 0 0 0 0 0 0 0 0 0 0 0 0 0 0 0 0 0 0 0 0 0 0 0 0 0 0 0 0 
0 0.00819287 0.0180304 0.0313448 0.0503428 0.0777883 0.117175 0.172874 0.250179 0.355578 0.496437 0.680956 0.917884 1.21608 1.58396 2.02882 2.55611 3.16874 3.86641 4.64521 5.49736 6.41129 7.37208 8.36213 9.36213 10.3522 11.313 12.2269 13.079 13.8578 14.5555 15.1681 15.6954 16.1403 16.5082 16.8064 17.0433 17.2278 17.3687 17.4741 17.5514 17.607 17.6461 17.6732 17.6915 17.7036 17.7116 17.7166 17.7197 17.7217 17.7228 17.7228 0 0 0 0 0 0 0 0 0 0 0 0 0 0 0 0 0 0 0 0 0 0 0 0 0 0 0 0 0 0 0 0 0 0 0 0 0 0 0 0 0 0 0 0 0 0 0 0 0 0 0 0 0 0 0 0 0 0 0 0 0 0 0 0 0 0 0 0 0 0 0 0 0 0 0 0 0 0 0 0 0 0 0 0 0 0 0 0 0 0 0 0 0 0 0 0 0 0 0 0 0 0 0 0 0 0 0 0 0 0 0 0 0 0 0 0 0 0 0 0 0 0 0 0 0 0 0 0 0 0 0 0 0 0 0 0 0 0 0 0 0 0 0 0 0 0 0 0 
0 0.0200622 0.0434196 0.0736226 0.114717 0.171452 0.249439 0.355232 0.496313 0.680956 0.917884 1.21608 1.58396 2.02882 2.55611 3.16874 3.86641 4.64521 5.49736 6.41129 7.37208 8.36213 9.36213 10.3522 11.313 12.2269 13.079 13.8578 14.5555 15.1681 15.6954 16.1403 16.5082 16.8064 17.0433 17.2278 17.3687 17.4741 17.5514 17.607 17.6461 17.6732 17.6915 17.7036 17.7116 17.7166 17.7197 17.7217 17.7228 17.7235 17.7239 17.7239 0 0 0 0 0 0 0 0 0 0 0 0 0 0 0 0 0 0 0 0 0 0 0 0 0 0 0 0 0 0 0 0 0 0 0 0 0 0 0 0 0 0 0 0 0 0 0 0 0 0 0 0 0 0 0 0 0 0 0 0 0 0 0 0 0 0 0 0 0 0 0 0 0 0 0 0 0 0 0 0 0 0 0 0 0 0 0 0 0 0 0 0 0 0 0 0 0 0 0 0 0 0 0 0 0 0 0 0 0 0 0 0 0 0 0 0 0 0 0 0 0 0 0 0 0 0 0 0 0 0 0 0 0 0 0 0 0 0 0 0 0 0 0 0 0 0 0 0 
0 0.0453675 0.0966866 0.16017 0.242516 0.351067 0.493856 0.679534 0.917144 1.21574 1.58384 2.02882 2.55611 3.16874 3.86641 4.64521 5.49736 6.41129 7.37208 8.36213 9.36213 10.3522 11.313 12.2269 13.079 13.8578 14.5555 15.1681 15.6954 16.1403 16.5082 16.8064 17.0433 17.2278 17.3687 17.4741 17.5514 17.607 17.6461 17.6732 17.6915 17.7036 17.7116 17.7166 17.7197 17.7217 17.7228 17.7235 17.7239 17.7241 17.7243 17.7243 0 0 0 0 0 0 0 0 0 0 0 0 0 0 0 0 0 0 0 0 0 0 0 0 0 0 0 0 0 0 0 0 0 0 0 0 0 0 0 0 0 0 0 0 0 0 0 0 0 0 0 0 0 0 0 0 0 0 0 0 0 0 0 0 0 0 0 0 0 0 0 0 0 0 0 0 0 0 0 0 0 0 0 0 0 0 0 0 0 0 0 0 0 0 0 0 0 0 0 0 0 0 0 0 0 0 0 0 0 0 0 0 0 0 0 0 0 0 0 0 0 0 0 0 0 0 0 0 0 0 0 0 0 0 0 0 0 0 0 0 0 0 0 0 0 0 0 0 
0 0.0947401 0.199097 0.322812 0.475825 0.668252 0.910221 1.21157 1.58138 2.0274 2.55537 3.16839 3.86629 4.64521 5.49736 6.41129 7.37208 8.36213 9.36213 10.3522 11.313 12.2269 13.079 13.8578 14.5555 15.1681 15.6954 16.1403 16.5082 16.8064 17.0433 17.2278 17.3687 17.4741 17.5514 17.607 17.6461 17.6732 17.6915 17.7036 17.7116 17.7166 17.7197 17.7217 17.7228 17.7235 17.7239 17.7241 17.7243 17.7243 17.7244 17.7244 0 0 0 0 0 0 0 0 0 0 0 0 0 0 0 0 0 0 0 0 0 0 0 0 0 0 0 0 0 0 0 0 0 0 0 0 0 0 0 0 0 0 0 0 0 0 0 0 0 0 0 0 0 0 0 0 0 0 0 0 0 0 0 0 0 0 0 0 0 0 0 0 0 0 0 0 0 0 0 0 0 0 0 0 0 0 0 0 0 0 0 0 0 0 0 0 0 0 0 0 0 0 0 0 0 0 0 0 0 0 0 0 0 0 0 0 0 0 0 0 0 0 0 0 0 0 0 0 0 0 0 0 0 0 0 0 0 0 0 0 0 0 0 0 0 0 0 0 
0 0.182704 0.379139 0.602822 0.866802 1.18331 1.56335 2.01611 2.54845 3.16423 3.86383 4.64379 5.49662 6.41094 7.37196 8.36213 9.36213 10.3522 11.313 12.2269 13.079 13.8578 14.5555 15.1681 15.6954 16.1403 16.5082 16.8064 17.0433 17.2278 17.3687 17.4741 17.5514 17.607 17.6461 17.6732 17.6915 17.7036 17.7116 17.7166 17.7197 17.7217 17.7228 17.7235 17.7239 17.7241 17.7243 17.7243 17.7244 17.7244 17.7244 17.7244 0 0 0 0 0 0 0 0 0 0 0 0 0 0 0 0 0 0 0 0 0 0 0 0 0 0 0 0 0 0 0 0 0 0 0 0 0 0 0 0 0 0 0 0 0 0 0 0 0 0 0 0 0 0 0 0 0 0 0 0 0 0 0 0 0 0 0 0 0 0 0 0 0 0 0 0 0 0 0 0 0 0 0 0 0 0 0 0 0 0 0 0 0 0 0 0 0 0 0 0 0 0 0 0 0 0 0 0 0 0 0 0 0 0 0 0 0 0 0 0 0 0 0 0 0 0 0 0 0 0 0 0 0 0 0 0 0 0 0 0 0 0 0 0 0 0 0 0 
0 0.325378 0.667705 1.04321 1.46666 1.95068 2.50503 3.13597 3.8458 4.63251 5.4897 6.40678 7.3695 8.36071 9.36139 10.3518 11.3128 12.2269 13.079 13.8578 14.5555 15.1681 15.6954 16.1403 16.5082 16.8064 17.0433 17.2278 17.3687 17.4741 17.5514 17.607 17.6461 17.6732 17.6915 17.7036 17.7116 17.7166 17.7197 17.7217 17.7228 17.7235 17.7239 17.7241 17.7243 17.7243 17.7244 17.7244 17.7244 17.7244 17.7244 17.7244 0 0 0 0 0 0 0 0 0 0 0 0 0 0 0 0 0 0 0 0 0 0 0 0 0 0 0 0 0 0 0 0 0 0 0 0 0 0 0 0 0 0 0 0 0 0 0 0 0 0 0 0 0 0 0 0 0 0 0 0 0 0 0 0 0 0 0 0 0 0 0 0 0 0 0 0 0 0 0 0 0 0 0 0 0 0 0 0 0 0 0 0 0 0 0 0 0 0 0 0 0 0 0 0 0 0 0 0 0 0 0 0 0 0 0 0 0 0 0 0 0 0 0 0 0 0 0 0 0 0 0 0 0 0 0 0 0 0 0 0 0 0 0 0 0 0 0 0 
0 0.535125 1.08752 1.67324 2.30593 2.99586 3.74912 4.56708 5.44628 6.37852 7.35147 8.34942 9.35447 10.3477 11.3104 12.2255 13.0783 13.8575 14.5554 15.1681 15.6954 16.1403 16.5082 16.8064 17.0433 17.2278 17.3687 17.4741 17.5514 17.607 17.6461 17.6732 17.6915 17.7036 17.7116 17.7166 17.7197 17.7217 17.7228 17.7235 17.7239 17.7241 17.7243 17.7243 17.7244 17.7244 17.7244 17.7244 17.7244 17.7244 17.7244 17.7244 0 0 0 0 0 0 0 0 0 0 0 0 0 0 0 0 0 0 0 0 0 0 0 0 0 0 0 0 0 0 0 0 0 0 0 0 0 0 0 0 0 0 0 0 0 0 0 0 0 0 0 0 0 0 0 0 0 0 0 0 0 0 0 0 0 0 0 0 0 0 0 0 0 0 0 0 0 0 0 0 0 0 0 0 0 0 0 0 0 0 0 0 0 0 0 0 0 0 0 0 0 0 0 0 0 0 0 0 0 0 0 0 0 0 0 0 0 0 0 0 0 0 0 0 0 0 0 0 0 0 0 0 0 0 0 0 0 0 0 0 0 0 0 0 0 0 0 0 
0 0.812738 1.63823 2.48778 3.36998 4.28964 5.24718 6.23842 7.25478 8.28399 9.31105 10.3194 11.2924 12.2142 13.0714 13.8533 14.5529 15.1667 15.6947 16.14 16.5081 16.8064 17.0433 17.2278 17.3687 17.4741 17.5514 17.607 17.6461 17.6732 17.6915 17.7036 17.7116 17.7166 17.7197 17.7217 17.7228 17.7235 17.7239 17.7241 17.7243 17.7243 17.7244 17.7244 17.7244 17.7244 17.7244 17.7244 17.7244 17.7244 17.7244 17.7244 0 0 0 0 0 0 0 0 0 0 0 0 0 0 0 0 0 0 0 0 0 0 0 0 0 0 0 0 0 0 0 0 0 0 0 0 0 0 0 0 0 0 0 0 0 0 0 0 0 0 0 0 0 0 0 0 0 0 0 0 0 0 0 0 0 0 0 0 0 0 0 0 0 0 0 0 0 0 0 0 0 0 0 0 0 0 0 0 0 0 0 0 0 0 0 0 0 0 0 0 0 0 0 0 0 0 0 0 0 0 0 0 0 0 0 0 0 0 0 0 0 0 0 0 0 0 0 0 0 0 0 0 0 0 0 0 0 0 0 0 0 0 0 0 0 0 0 0 
0 1.13992 2.28245 3.42913 4.57947 5.73033 6.87564 8.00655 9.11195 10.1793 11.1957 12.1488 13.028 13.8251 14.5349 15.1554 15.6878 16.1358 16.5056 16.805 17.0426 17.2275 17.3686 17.4741 17.5514 17.607 17.6461 17.6732 17.6915 17.7036 17.7116 17.7166 17.7197 17.7217 17.7228 17.7235 17.7239 17.7241 17.7243 17.7243 17.7244 17.7244 17.7244 17.7244 17.7244 17.7244 17.7244 17.7244 17.7244 17.7244 17.7244 17.7244 0 0 0 0 0 0 0 0 0 0 0 0 0 0 0 0 0 0 0 0 0 0 0 0 0 0 0 0 0 0 0 0 0 0 0 0 0 0 0 0 0 0 0 0 0 0 0 0 0 0 0 0 0 0 0 0 0 0 0 0 0 0 0 0 0 0 0 0 0 0 0 0 0 0 0 0 0 0 0 0 0 0 0 0 0 0 0 0 0 0 0 0 0 0 0 0 0 0 0 0 0 0 0 0 0 0 0 0 0 0 0 0 0 0 0 0 0 0 0 0 0 0 0 0 0 0 0 0 0 0 0 0 0 0 0 0 0 0 0 0 0 0 0 0 0 0 0 0 
0 1.47648 2.94125 4.38247 5.78812 7.14605 8.44424 9.67122 10.8165 11.8713 12.8289 13.685 14.4382 15.09 15.6444 16.1075 16.4876 16.7937 17.0356 17.2233 17.3661 17.4727 17.5506 17.6066 17.646 17.6732 17.6915 17.7036 17.7116 17.7166 17.7197 17.7217 17.7228 17.7235 17.7239 17.7241 17.7243 17.7243 17.7244 17.7244 17.7244 17.7244 17.7244 17.7244 17.7244 17.7244 17.7244 17.7244 17.7244 17.7244 17.7244 17.7244 0 0 0 0 0 0 0 0 0 0 0 0 0 0 0 0 0 0 0 0 0 0 0 0 0 0 0 0 0 0 0 0 0 0 0 0 0 0 0 0 0 0 0 0 0 0 0 0 0 0 0 0 0 0 0 0 0 0 0 0 0 0 0 0 0 0 0 0 0 0 0 0 0 0 0 0 0 0 0 0 0 0 0 0 0 0 0 0 0 0 0 0 0 0 0 0 0 0 0 0 0 0 0 0 0 0 0 0 0 0 0 0 0 0 0 0 0 0 0 0 0 0 0 0 0 0 0 0 0 0 0 0 0 0 0 0 0 0 0 0 0 0 0 0 0 0 0 0 
0 1.76607 3.50567 5.19339 6.80602 8.32336 9.72901 11.0108 12.1612 13.1769 14.0591 14.8126 15.4453 15.9674 16.3909 16.7282 16.9922 17.1951 17.3481 17.4614 17.5437 17.6024 17.6435 17.6718 17.6908 17.7033 17.7114 17.7166 17.7197 17.7217 17.7228 17.7235 17.7239 17.7241 17.7243 17.7243 17.7244 17.7244 17.7244 17.7244 17.7244 17.7244 17.7244 17.7244 17.7244 17.7244 17.7244 17.7244 17.7244 17.7244 17.7244 17.7244 0 0 0 0 0 0 0 0 0 0 0 0 0 0 0 0 0 0 0 0 0 0 0 0 0 0 0 0 0 0 0 0 0 0 0 0 0 0 0 0 0 0 0 0 0 0 0 0 0 0 0 0 0 0 0 0 0 0 0 0 0 0 0 0 0 0 0 0 0 0 0 0 0 0 0 0 0 0 0 0 0 0 0 0 0 0 0 0 0 0 0 0 0 0 0 0 0 0 0 0 0 0 0 0 0 0 0 0 0 0 0 0 0 0 0 0 0 0 0 0 0 0 0 0 0 0 0 0 0 0 0 0 0 0 0 0 0 0 0 0 0 0 0 0 0 0 0 0 
0 1.95084 3.86477 5.70696 7.44655 9.05816 10.5229 11.829 12.9716 13.9521 14.7776 15.4593 16.0117 16.4508 16.7931 17.0549 17.2514 17.3959 17.5003 17.5742 17.6255 17.6605 17.6838 17.6991 17.709 17.7152 17.719 17.7213 17.7227 17.7235 17.7239 17.7241 17.7243 17.7243 17.7244 17.7244 17.7244 17.7244 17.7244 17.7244 17.7244 17.7244 17.7244 17.7244 17.7244 17.7244 17.7244 17.7244 17.7244 17.7244 17.7244 17.7244 0 0 0 0 0 0 0 0 0 0 0 0 0 0 0 0 0 0 0 0 0 0 0 0 0 0 0 0 0 0 0 0 0 0 0 0 0 0 0 0 0 0 0 0 0 0 0 0 0 0 0 0 0 0 0 0 0 0 0 0 0 0 0 0 0 0 0 0 0 0 0 0 0 0 0 0 0 0 0 0 0 0 0 0 0 0 0 0 0 0 0 0 0 0 0 0 0 0 0 0 0 0 0 0 0 0 0 0 0 0 0 0 0 0 0 0 0 0 0 0 0 0 0 0 0 0 0 0 0 0 0 0 0 0 0 0 0 0 0 0 0 0 0 0 0 0 0 0 
0 1.99005 3.94089 5.81561 7.58168 9.21263 10.6891 11.9994 13.1393 14.1115 14.9242 15.5903 16.1254 16.5469 16.8722 17.1185 17.3012 17.4341 17.5288 17.595 17.6404 17.6709 17.6909 17.7039 17.7121 17.7172 17.7203 17.7221 17.7232 17.7238 17.7241 17.7243 17.7244 17.7244 17.7244 17.7244 17.7244 17.7244 17.7244 17.7244 17.7244 17.7244 17.7244 17.7244 17.7244 17.7244 17.7244 17.7244 17.7244 17.7244 17.7244 17.7244 0 0 0 0 0 0 0 0 0 0 0 0 0 0 0 0 0 0 0 0 0 0 0 0 0 0 0 0 0 0 0 0 0 0 0 0 0 0 0 0 0 0 0 0 0 0 0 0 0 0 0 0 0 0 0 0 0 0 0 0 0 0 0 0 0 0 0 0 0 0 0 0 0 0 0 0 0 0 0 0 0 0 0 0 0 0 0 0 0 0 0 0 0 0 0 0 0 0 0 0 0 0 0 0 0 0 0 0 0 0 0 0 0 0 0 0 0 0 0 0 0 0 0 0 0 0 0 0 0 0 0 0 0 0 0 0 0 0 0 0 0 0 0 0 0 0 0 0 
0 1.87472 3.71691 5.49572 7.18344 8.75686 10.1981 11.4951 12.6418 13.6376 14.4872 15.199 15.7847 16.258 16.6335 16.926 17.1497 17.3176 17.4413 17.5308 17.5943 17.6385 17.6687 17.6889 17.7022 17.7108 17.7162 17.7196 17.7217 17.7229 17.7236 17.724 17.7243 17.7244 17.7244 17.7244 17.7244 17.7244 17.7244 17.7244 17.7244 17.7244 17.7244 17.7244 17.7244 17.7244 17.7244 17.7244 17.7244 17.7244 17.7244 17.7244 0 0 0 0 0 0 0 0 0 0 0 0 0 0 0 0 0 0 0 0 0 0 0 0 0 0 0 0 0 0 0 0 0 0 0 0 0 0 0 0 0 0 0 0 0 0 0 0 0 0 0 0 0 0 0 0 0 0 0 0 0 0 0 0 0 0 0 0 0 0 0 0 0 0 0 0 0 0 0 0 0 0 0 0 0 0 0 0 0 0 0 0 0 0 0 0 0 0 0 0 0 0 0 0 0 0 0 0 0 0 0 0 0 0 0 0 0 0 0 0 0 0 0 0 0 0 0 0 0 0 0 0 0 0 0 0 0 0 0 0 0 0 0 0 0 0 0 0 
0 1.63094 3.24255 4.81597 6.33331 7.77817 9.1361 10.3951 11.5459 12.5826 13.5023 14.3053 14.9953 15.5781 16.0622 16.4571 16.7736 17.0227 17.2151 17.361 17.4696 17.5488 17.6055 17.6454 17.6728 17.6914 17.7036 17.7116 17.7167 17.7199 17.7218 17.723 17.7237 17.7241 17.7243 17.7244 17.7244 17.7244 17.7244 17.7244 17.7244 17.7244 17.7244 17.7244 17.7244 17.7244 17.7244 17.7244 17.7244 17.7244 17.7244 17.7244 0 0 0 0 0 0 0 0 0 0 0 0 0 0 0 0 0 0 0 0 0 0 0 0 0 0 0 0 0 0 0 0 0 0 0 0 0 0 0 0 0 0 0 0 0 0 0 0 0 0 0 0 0 0 0 0 0 0 0 0 0 0 0 0 0 0 0 0 0 0 0 0 0 0 0 0 0 0 0 0 0 0 0 0 0 0 0 0 0 0 0 0 0 0 0 0 0 0 0 0 0 0 0 0 0 0 0 0 0 0 0 0 0 0 0 0 0 0 0 0 0 0 0 0 0 0 0 0 0 0 0 0 0 0 0 0 0 0 0 0 0 0 0 0 0 0 0 0 
0 1.3103 2.6164 3.9134 5.19521 6.4542 7.68117 8.86569 9.9966 11.0628 12.054 12.9617 13.7797 14.5044 15.1354 15.6748 16.1276 16.5005 16.8019 17.0407 17.2264 17.3679 17.4737 17.5513 17.607 17.6462 17.6733 17.6916 17.7038 17.7117 17.7167 17.7199 17.7218 17.723 17.7237 17.7241 17.7243 17.7244 17.7244 17.7244 17.7244 17.7244 17.7244 17.7244 17.7244 17.7244 17.7244 17.7244 17.7244 17.7244 17.7244 17.7244 0 0 0 0 0 0 0 0 0 0 0 0 0 0 0 0 0 0 0 0 0 0 0 0 0 0 0 0 0 0 0 0 0 0 0 0 0 0 0 0 0 0 0 0 0 0 0 0 0 0 0 0 0 0 0 0 0 0 0 0 0 0 0 0 0 0 0 0 0 0 0 0 0 0 0 0 0 0 0 0 0 0 0 0 0 0 0 0 0 0 0 0 0 0 0 0 0 0 0 0 0 0 0 0 0 0 0 0 0 0 0 0 0 0 0 0 0 0 0 0 0 0 0 0 0 0 0 0 0 0 0 0 0 0 0 0 0 0 0 0 0 0 0 0 0 0 0 0 
0 0.97215 1.95266 2.94853 3.96426 5.00092 6.05571 7.1219 8.18925 9.24483 10.274 11.2619 12.1941 13.0584 13.8451 14.5479 15.1636 15.6929 16.1389 16.5074 16.806 17.0432 17.2278 17.3687 17.4742 17.5515 17.6071 17.6463 17.6733 17.6916 17.7038 17.7117 17.7167 17.7199 17.7218 17.723 17.7237 17.7241 17.7243 17.7244 17.7244 17.7244 17.7244 17.7244 17.7244 17.7244 17.7244 17.7244 17.7244 17.7244 17.7244 17.7244 0 0 0 0 0 0 0 0 0 0 0 0 0 0 0 0 0 0 0 0 0 0 0 0 0 0 0 0 0 0 0 0 0 0 0 0 0 0 0 0 0 0 0 0 0 0 0 0 0 0 0 0 0 0 0 0 0 0 0 0 0 0 0 0 0 0 0 0 0 0 0 0 0 0 0 0 0 0 0 0 0 0 0 0 0 0 0 0 0 0 0 0 0 0 0 0 0 0 0 0 0 0 0 0 0 0 0 0 0 0 0 0 0 0 0 0 0 0 0 0 0 0 0 0 0 0 0 0 0 0 0 0 0 0 0 0 0 0 0 0 0 0 0 0 0 0 0 0 
0 0.666077 1.34786 2.05967 2.81316 3.61623 4.47234 5.38006 6.33316 7.321 8.32936 9.34152 10.3395 11.3053 12.2224 13.0765 13.8564 14.5548 15.1678 15.6953 16.1403 16.5082 16.8065 17.0434 17.228 17.3688 17.4742 17.5515 17.6071 17.6463 17.6733 17.6916 17.7038 17.7117 17.7167 17.7199 17.7218 17.723 17.7237 17.7241 17.7243 17.7244 17.7244 17.7244 17.7244 17.7244 17.7244 17.7244 17.7244 17.7244 17.7244 17.7244 0 0 0 0 0 0 0 0 0 0 0 0 0 0 0 0 0 0 0 0 0 0 0 0 0 0 0 0 0 0 0 0 0 0 0 0 0 0 0 0 0 0 0 0 0 0 0 0 0 0 0 0 0 0 0 0 0 0 0 0 0 0 0 0 0 0 0 0 0 0 0 0 0 0 0 0 0 0 0 0 0 0 0 0 0 0 0 0 0 0 0 0 0 0 0 0 0 0 0 0 0 0 0 0 0 0 0 0 0 0 0 0 0 0 0 0 0 0 0 0 0 0 0 0 0 0 0 0 0 0 0 0 0 0 0 0 0 0 0 0 0 0 0 0 0 0 0 0 
0 0.421447 0.860503 1.33378 1.85594 2.43881 3.0906 3.81533 4.61245 5.47675 6.39859 7.36442 8.35762 9.35955 10.3508 11.3122 12.2266 13.0789 13.8578 14.5556 15.1682 15.6956 16.1404 16.5083 16.8065 17.0434 17.228 17.3688 17.4742 17.5515 17.6071 17.6463 17.6733 17.6916 17.7038 17.7117 17.7167 17.7199 17.7218 17.723 17.7237 17.7241 17.7243 17.7244 17.7244 17.7244 17.7244 17.7244 17.7244 17.7244 17.7244 17.7244 0 0 0 0 0 0 0 0 0 0 0 0 0 0 0 0 0 0 0 0 0 0 0 0 0 0 0 0 0 0 0 0 0 0 0 0 0 0 0 0 0 0 0 0 0 0 0 0 0 0 0 0 0 0 0 0 0 0 0 0 0 0 0 0 0 0 0 0 0 0 0 0 0 0 0 0 0 0 0 0 0 0 0 0 0 0 0 0 0 0 0 0 0 0 0 0 0 0 0 0 0 0 0 0 0 0 0 0 0 0 0 0 0 0 0 0 0 0 0 0 0 0 0 0 0 0 0 0 0 0 0 0 0 0 0 0 0 0 0 0 0 0 0 0 0 0 0 0 
0 0.246258 0.508082 0.800586 1.13795 1.53288 1.99605 2.5355 3.15603 3.85875 4.6407 5.49478 6.40987 7.37134 8.36178 9.36201 10.3522 11.313 12.227 13.0792 13.858 14.5557 15.1683 15.6956 16.1404 16.5083 16.8065 17.0434 17.228 17.3688 17.4742 17.5515 17.6071 17.6463 17.6733 17.6916 17.7038 17.7117 17.7167 17.7199 17.7218 17.723 17.7237 17.7241 17.7243 17.7244 17.7244 17.7244 17.7244 17.7244 17.7244 17.7244 0 0 0 0 0 0 0 0 0 0 0 0 0 0 0 0 0 0 0 0 0 0 0 0 0 0 0 0 0 0 0 0 0 0 0 0 0 0 0 0 0 0 0 0 0 0 0 0 0 0 0 0 0 0 0 0 0 0 0 0 0 0 0 0 0 0 0 0 0 0 0 0 0 0 0 0 0 0 0 0 0 0 0 0 0 0 0 0 0 0 0 0 0 0 0 0 0 0 0 0 0 0 0 0 0 0 0 0 0 0 0 0 0 0 0 0 0 0 0 0 0 0 0 0 0 0 0 0 0 0 0 0 0 0 0 0 0 0 0 0 0 0 0 0 0 0 0 0 
0 0.132881 0.277444 0.445354 0.64819 0.897272 1.20338 1.5763 2.02431 2.55353 3.16732 3.86567 4.64487 5.49724 6.41129 7.37215 8.36223 9.36225 10.3523 11.3131 12.227 13.0792 13.858 14.5557 15.1683 15.6956 16.1404 16.5083 16.8065 17.0434 17.228 17.3688 17.4742 17.5515 17.6071 17.6463 17.6733 17.6916 17.7038 17.7117 17.7167 17.7199 17.7218 17.723 17.7237 17.7241 17.7243 17.7244 17.7244 17.7244 17.7244 17.7244 0 0 0 0 0 0 0 0 0 0 0 0 0 0 0 0 0 0 0 0 0 0 0 0 0 0 0 0 0 0 0 0 0 0 0 0 0 0 0 0 0 0 0 0 0 0 0 0 0 0 0 0 0 0 0 0 0 0 0 0 0 0 0 0 0 0 0 0 0 0 0 0 0 0 0 0 0 0 0 0 0 0 0 0 0 0 0 0 0 0 0 0 0 0 0 0 0 0 0 0 0 0 0 0 0 0 0 0 0 0 0 0 0 0 0 0 0 0 0 0 0 0 0 0 0 0 0 0 0 0 0 0 0 0 0 0 0 0 0 0 0 0 0 0 0 0 0 0 
0 0.0662157 0.140108 0.229568 0.342874 0.488774 0.676445 0.915303 1.21466 1.58322 2.02847 2.55599 3.16874 3.86648 4.64532 5.49748 6.41142 7.37221 8.36227 9.36227 10.3523 11.3131 12.227 13.0792 13.858 14.5557 15.1683 15.6956 16.1404 16.5083 16.8065 17.0434 17.228 17.3688 17.4742 17.5515 17.6071 17.6463 17.6733 17.6916 17.7038 17.7117 17.7167 17.7199 17.7218 17.723 17.7237 17.7241 17.7243 17.7244 17.7244 17.7244 0 0 0 0 0 0 0 0 0 0 0 0 0 0 0 0 0 0 0 0 0 0 0 0 0 0 0 0 0 0 0 0 0 0 0 0 0 0 0 0 0 0 0 0 0 0 0 0 0 0 0 0 0 0 0 0 0 0 0 0 0 0 0 0 0 0 0 0 0 0 0 0 0 0 0 0 0 0 0 0 0 0 0 0 0 0 0 0 0 0 0 0 0 0 0 0 0 0 0 0 0 0 0 0 0 0 0 0 0 0 0 0 0 0 0 0 0 0 0 0 0 0 0 0 0 0 0 0 0 0 0 0 0 0 0 0 0 0 0 0 0 0 0 0 0 0 0 0 
0 0.0304708 0.0654297 0.109635 0.168363 0.247598 0.354156 0.495697 0.68061 0.917761 1.21608 1.58403 2.02892 2.55623 3.16887 3.86655 4.64535 5.4975 6.41143 7.37222 8.36227 9.36227 10.3523 11.3131 12.227 13.0792 13.858 14.5557 15.1683 15.6956 16.1404 16.5083 16.8065 17.0434 17.228 17.3688 17.4742 17.5515 17.6071 17.6463 17.6733 17.6916 17.7038 17.7117 17.7167 17.7199 17.7218 17.723 17.7237 17.7241 17.7244 17.7244 0 0 0 0 0 0 0 0 0 0 0 0 0 0 0 0 0 0 0 0 0 0 0 0 0 0 0 0 0 0 0 0 0 0 0 0 0 0 0 0 0 0 0 0 0 0 0 0 0 0 0 0 0 0 0 0 0 0 0 0 0 0 0 0 0 0 0 0 0 0 0 0 0 0 0 0 0 0 0 0 0 0 0 0 0 0 0 0 0 0 0 0 0 0 0 0 0 0 0 0 0 0 0 0 0 0 0 0 0 0 0 0 0 0 0 0 0 0 0 0 0 0 0 0 0 0 0 0 0 0 0 0 0 0 0 0 0 0 0 0 0 0 0 0 0 0 0 0 
0 0.0129488 0.0282551 0.0485012 0.0767123 0.116558 0.172528 0.250056 0.355578 0.496504 0.681059 0.918005 1.21621 1.5841 2.02896 2.55625 3.16888 3.86655 4.64535 5.4975 6.41143 7.37222 8.36227 9.36227 10.3523 11.3131 12.227 13.0792 13.858 14.5557 15.1683 15.6956 16.1404 16.5083 16.8065 17.0434 17.228 17.3688 17.4742 17.5515 17.6071 17.6463 17.6733 17.6916 17.7038 17.7117 17.7167 17.7199 17.7219 17.7233 17.7244 17.7244 0 0 0 0 0 0 0 0 0 0 0 0 0 0 0 0 0 0 0 0 0 0 0 0 0 0 0 0 0 0 0 0 0 0 0 0 0 0 0 0 0 0 0 0 0 0 0 0 0 0 0 0 0 0 0 0 0 0 0 0 0 0 0 0 0 0 0 0 0 0 0 0 0 0 0 0 0 0 0 0 0 0 0 0 0 0 0 0 0 0 0 0 0 0 0 0 0 0 0 0 0 0 0 0 0 0 0 0 0 0 0 0 0 0 0 0 0 0 0 0 0 0 0 0 0 0 0 0 0 0 0 0 0 0 0 0 0 0 0 0 0 0 0 0 0 0 0 0 
0 0.00508157 0.0112826 0.0198719 0.0324208 0.0509591 0.0781343 0.117365 0.172977 0.250301 0.355709 0.496573 0.681094 0.918023 1.21622 1.5841 2.02896 2.55625 3.16888 3.86655 4.64536 5.4975 6.41143 7.37222 8.36227 9.36227 10.3523 11.3131 12.227 13.0792 13.858 14.5557 15.1683 15.6956 16.1404 16.5083 16.8065 17.0434 17.228 17.3688 17.4742 17.5515 17.6071 17.6463 17.6733 17.6916 17.7039 17.712 17.7175 17.7213 17.7244 17.7244 0 0 0 0 0 0 0 0 0 0 0 0 0 0 0 0 0 0 0 0 0 0 0 0 0 0 0 0 0 0 0 0 0 0 0 0 0 0 0 0 0 0 0 0 0 0 0 0 0 0 0 0 0 0 0 0 0 0 0 0 0 0 0 0 0 0 0 0 0 0 0 0 0 0 0 0 0 0 0 0 0 0 0 0 0 0 0 0 0 0 0 0 0 0 0 0 0 0 0 0 0 0 0 0 0 0 0 0 0 0 0 0 0 0 0 0 0 0 0 0 0 0 0 0 0 0 0 0 0 0 0 0 0 0 0 0 0 0 0 0 0 0 0 0 0 0 0 0 
0 0.00184156 0.00416568 0.00753942 0.0127046 0.0206787 0.0328696 0.0512039 0.0782653 0.117434 0.173013 0.250318 0.355718 0.496577 0.681096 0.918024 1.21622 1.5841 2.02896 2.55625 3.16888 3.86655 4.64536 5.4975 6.41143 7.37222 8.36227 9.36227 10.3523 11.3131 12.227 13.0792 13.858 14.5557 15.1683 15.6956 16.1404 16.5083 16.8065 17.0434 17.228 17.3688 17.4742 17.5515 17.6072 17.6466 17.6741 17.6931 17.7064 17.7162 17.7244 17.7244 0 0 0 0 0 0 0 0 0 0 0 0 0 0 0 0 0 0 0 0 0 0 0 0 0 0 0 0 0 0 0 0 0 0 0 0 0 0 0 0 0 0 0 0 0 0 0 0 0 0 0 0 0 0 0 0 0 0 0 0 0 0 0 0 0 0 0 0 0 0 0 0 0 0 0 0 0 0 0 0 0 0 0 0 0 0 0 0 0 0 0 0 0 0 0 0 0 0 0 0 0 0 0 0 0 0 0 0 0 0 0 0 0 0 0 0 0 0 0 0 0 0 0 0 0 0 0 0 0 0 0 0 0 0 0 0 0 0 0 0 0 0 0 0 0 0 0 0 
0 0.000616299 0.00142204 0.00264832 0.00461449 0.00778424 0.0128355 0.0207474 0.0329049 0.0512217 0.0782741 0.117438 0.173015 0.250319 0.355719 0.496577 0.681097 0.918024 1.21622 1.5841 2.02896 2.55625 3.16888 3.86655 4.64536 5.4975 6.41143 7.37222 8.36227 9.36227 10.3523 11.3131 12.227 13.0792 13.858 14.5557 15.1683 15.6956 16.1404 16.5083 16.8065 17.0434 17.2281 17.3692 17.475 17.5529 17.6097 17.6508 17.681 17.7043 17.7244 17.7244 0 0 0 0 0 0 0 0 0 0 0 0 0 0 0 0 0 0 0 0 0 0 0 0 0 0 0 0 0 0 0 0 0 0 0 0 0 0 0 0 0 0 0 0 0 0 0 0 0 0 0 0 0 0 0 0 0 0 0 0 0 0 0 0 0 0 0 0 0 0 0 0 0 0 0 0 0 0 0 0 0 0 0 0 0 0 0 0 0 0 0 0 0 0 0 0 0 0 0 0 0 0 0 0 0 0 0 0 0 0 0 0 0 0 0 0 0 0 0 0 0 0 0 0 0 0 0 0 0 0 0 0 0 0 0 0 0 0 0 0 0 0 0 0 0 0 0 0 
0 0.000190465 0.000448807 0.00086112 0.00155299 0.002717 0.00464981 0.00780205 0.0128444 0.0207517 0.0329069 0.0512226 0.0782745 0.117438 0.173015 0.250319 0.355719 0.496577 0.681097 0.918024 1.21622 1.5841 2.02896 2.55625 3.16888 3.86655 4.64536 5.4975 6.41143 7.37222 8.36227 9.36227 10.3523 11.3131 12.227 13.0792 13.858 14.5557 15.1683 15.6956 16.1406 16.5087 16.8073 17.0449 17.2305 17.3733 17.4819 17.5642 17.6277 17.679 17.7244 17.7244 0 0 0 0 0 0 0 0 0 0 0 0 0 0 0 0 0 0 0 0 0 0 0 0 0 0 0 0 0 0 0 0 0 0 0 0 0 0 0 0 0 0 0 0 0 0 0 0 0 0 0 0 0 0 0 0 0 0 0 0 0 0 0 0 0 0 0 0 0 0 0 0 0 0 0 0 0 0 0 0 0 0 0 0 0 0 0 0 0 0 0 0 0 0 0 0 0 0 0 0 0 0 0 0 0 0 0 0 0 0 0 0 0 0 0 0 0 0 0 0 0 0 0 0 0 0 0 0 0 0 0 0 0 0 0 0 0 0 0 0 0 0 0 0 0 0 0 0 
0 5.43566e-005 0.000130952 0.000259147 0.000484129 0.000878932 0.0015618 0.00272127 0.00465184 0.007803 0.0128448 0.0207518 0.032907 0.0512227 0.0782745 0.117438 0.173015 0.250319 0.355719 0.496577 0.681097 0.918024 1.21622 1.5841 2.02896 2.55625 3.16888 3.86655 4.64536 5.4975 6.41143 7.37222 8.36227 9.36227 10.3523 11.3131 12.227 13.0792 13.8581 14.556 15.169 15.697 16.143 16.5128 16.8142 17.0561 17.2486 17.4016 17.5253 17.6297 17.7244 17.7244 0 0 0 0 0 0 0 0 0 0 0 0 0 0 0 0 0 0 0 0 0 0 0 0 0 0 0 0 0 0 0 0 0 0 0 0 0 0 0 0 0 0 0 0 0 0 0 0 0 0 0 0 0 0 0 0 0 0 0 0 0 0 0 0 0 0 0 0 0 0 0 0 0 0 0 0 0 0 0 0 0 0 0 0 0 0 0 0 0 0 0 0 0 0 0 0 0 0 0 0 0 0 0 0 0 0 0 0 0 0 0 0 0 0 0 0 0 0 0 0 0 0 0 0 0 0 0 0 0 0 0 0 0 0 0 0 0 0 0 0 0 0 0 0 0 0 0 0 
0 1.43253e-005 3.53216e-005 7.21682e-005 0.000139759 0.000263416 0.000486159 0.000879878 0.00156223 0.00272147 0.00465192 0.00780304 0.0128448 0.0207519 0.032907 0.0512227 0.0782745 0.117438 0.173015 0.250319 0.355719 0.496577 0.681097 0.918024 1.21622 1.5841 2.02896 2.55625 3.16888 3.86655 4.64536 5.4975 6.41143 7.37222 8.36227 9.36227 10.3524 11.3135 12.2278 13.0806 13.8606 14.5602 15.1759 15.7083 16.161 16.5411 16.8576 17.1216 17.3453 17.5417 17.7244 17.7244 0 0 0 0 0 0 0 0 0 0 0 0 0 0 0 0 0 0 0 0 0 0 0 0 0 0 0 0 0 0 0 0 0 0 0 0 0 0 0 0 0 0 0 0 0 0 0 0 0 0 0 0 0 0 0 0 0 0 0 0 0 0 0 0 0 0 0 0 0 0 0 0 0 0 0 0 0 0 0 0 0 0 0 0 0 0 0 0 0 0 0 0 0 0 0 0 0 0 0 0 0 0 0 0 0 0 0 0 0 0 0 0 0 0 0 0 0 0 0 0 0 0 0 0 0 0 0 0 0 0 0 0 0 0 0 0 0 0 0 0 0 0 0 0 0 0 0 0 
0 3.4863e-006 8.80695e-006 1.85951e-005 3.73514e-005 7.31143e-005 0.000140191 0.00026361 0.000486244 0.000879914 0.00156224 0.00272147 0.00465193 0.00780304 0.0128448 0.0207519 0.032907 0.0512227 0.0782745 0.117438 0.173015 0.250319 0.355719 0.496577 0.681097 0.918024 1.21622 1.5841 2.02896 2.55625 3.16888 3.86655 4.64536 5.4975 6.41155 7.37257 8.36301 9.36369 10.3549 11.3176 12.2347 13.0919 13.8786 14.5884 15.2194 15.7737 16.2577 16.6812 17.0567 17.399 17.7244 17.7244 0 0 0 0 0 0 0 0 0 0 0 0 0 0 0 0 0 0 0 0 0 0 0 0 0 0 0 0 0 0 0 0 0 0 0 0 0 0 0 0 0 0 0 0 0 0 0 0 0 0 0 0 0 0 0 0 0 0 0 0 0 0 0 0 0 0 0 0 0 0 0 0 0 0 0 0 0 0 0 0 0 0 0 0 0 0 0 0 0 0 0 0 0 0 0 0 0 0 0 0 0 0 0 0 0 0 0 0 0 0 0 0 0 0 0 0 0 0 0 0 0 0 0 0 0 0 0 0 0 0 0 0 0 0 0 0 0 0 0 0 0 0 0 0 0 0 0 0 
0 7.83494e-007 2.02976e-006 4.43239e-006 9.23934e-006 1.87888e-005 3.74365e-005 7.31509e-005 0.000140206 0.000263616 0.000486246 0.000879916 0.00156224 0.00272147 0.00465193 0.00780304 0.0128448 0.0207519 0.032907 0.0512227 0.0782745 0.117438 0.173015 0.250319 0.355719 0.496577 0.681097 0.918024 1.21622 1.5841 2.02896 2.55625 3.169 3.8669 4.64609 5.49892 6.41401 7.37673 8.36993 9.37497 10.3729 11.3459 12.2781 13.1573 13.9753 14.7285 15.4185 16.0512 16.6369 17.1893 17.7244 17.7244 0 0 0 0 0 0 0 0 0 0 0 0 0 0 0 0 0 0 0 0 0 0 0 0 0 0 0 0 0 0 0 0 0 0 0 0 0 0 0 0 0 0 0 0 0 0 0 0 0 0 0 0 0 0 0 0 0 0 0 0 0 0 0 0 0 0 0 0 0 0 0 0 0 0 0 0 0 0 0 0 0 0 0 0 0 0 0 0 0 0 0 0 0 0 0 0 0 0 0 0 0 0 0 0 0 0 0 0 0 0 0 0 0 0 0 0 0 0 0 0 0 0 0 0 0 0 0 0 0 0 0 0 0 0 0 0 0 0 0 0 0 0 0 0 0 0 0 0 
0 1.62597e-007 4.32387e-007 9.77252e-007 2.11489e-006 4.46907e-006 9.25483e-006 1.87952e-005 3.74391e-005 7.3152e-005 0.000140207 0.000263617 0.000486246 0.000879916 0.00156224 0.00272147 0.00465193 0.00780304 0.0128448 0.0207519 0.032907 0.0512227 0.0782745 0.117438 0.173015 0.250319 0.355719 0.496577 0.681097 0.918024 1.21634 1.58445 2.0297 2.55767 3.17146 3.87107 4.65302 5.5102 6.43204 7.40499 8.41335 9.4404 10.4696 11.486 12.4772 13.4348 14.3544 15.2366 16.0862 16.9117 17.7244 17.7244 0 0 0 0 0 0 0 0 0 0 0 0 0 0 0 0 0 0 0 0 0 0 0 0 0 0 0 0 0 0 0 0 0 0 0 0 0 0 0 0 0 0 0 0 0 0 0 0 0 0 0 0 0 0 0 0 0 0 0 0 0 0 0 0 0 0 0 0 0 0 0 0 0 0 0 0 0 0 0 0 0 0 0 0 0 0 0 0 0 0 0 0 0 0 0 0 0 0 0 0 0 0 0 0 0 0 0 0 0 0 0 0 0 0 0 0 0 0 0 0 0 0 0 0 0 0 0 0 0 0 0 0 0 0 0 0 0 0 0 0 0 0 0 0 0 0 0 0 
0 3.11599e-008 8.5131e-008 1.99271e-007 4.47877e-007 9.83667e-007 2.11749e-006 4.47011e-006 9.25524e-006 1.87954e-005 3.74391e-005 7.3152e-005 0.000140207 0.000263617 0.000486246 0.000879916 0.00156224 0.00272147 0.00465193 0.00780304 0.0128448 0.0207519 0.032907 0.0512227 0.0782745 0.117438 0.173015 0.250319 0.355842 0.496923 0.681836 0.919446 1.2188 1.58861 2.03662 2.56896 3.18949 3.89932 4.69644 5.57563 6.52873 7.54509 8.61245 9.71785 10.8488 11.9941 13.1449 14.2953 15.4419 16.5845 17.7244 17.7244 0 0 0 0 0 0 0 0 0 0 0 0 0 0 0 0 0 0 0 0 0 0 0 0 0 0 0 0 0 0 0 0 0 0 0 0 0 0 0 0 0 0 0 0 0 0 0 0 0 0 0 0 0 0 0 0 0 0 0 0 0 0 0 0 0 0 0 0 0 0 0 0 0 0 0 0 0 0 0 0 0 0 0 0 0 0 0 0 0 0 0 0 0 0 0 0 0 0 0 0 0 0 0 0 0 0 0 0 0 0 0 0 0 0 0 0 0 0 0 0 0 0 0 0 0 0 0 0 0 0 0 0 0 0 0 0 0 0 0 0 0 0 0 0 0 0 0 0 
0 5.51417e-009 1.54906e-008 3.75751e-008 8.77359e-008 2.00308e-007 4.48282e-007 9.83822e-007 2.11755e-006 4.47013e-006 9.25524e-006 1.87954e-005 3.74391e-005 7.3152e-005 0.000140207 0.000263617 0.000486246 0.000879916 0.00156224 0.00272147 0.00465193 0.00780304 0.0128448 0.0207519 0.032907 0.0512227 0.0783979 0.117784 0.173754 0.251741 0.3583 0.501089 0.688759 0.930729 1.23683 1.61687 2.08004 2.63439 3.28618 4.03943 4.89553 5.85308 6.90787 8.05318 9.28015 10.5784 11.9363 13.3419 14.7832 16.2479 17.7244 17.7244 0 0 0 0 0 0 0 0 0 0 0 0 0 0 0 0 0 0 0 0 0 0 0 0 0 0 0 0 0 0 0 0 0 0 0 0 0 0 0 0 0 0 0 0 0 0 0 0 0 0 0 0 0 0 0 0 0 0 0 0 0 0 0 0 0 0 0 0 0 0 0 0 0 0 0 0 0 0 0 0 0 0 0 0 0 0 0 0 0 0 0 0 0 0 0 0 0 0 0 0 0 0 0 0 0 0 0 0 0 0 0 0 0 0 0 0 0 0 0 0 0 0 0 0 0 0 0 0 0 0 0 0 0 0 0 0 0 0 0 0 0 0 0 0 0 0 0 0 
0 9.01079e-010 2.60491e-009 6.55122e-009 1.58954e-008 3.773e-008 8.7794e-008 2.0033e-007 4.4829e-007 9.83825e-007 2.11755e-006 4.47013e-006 9.25524e-006 1.87954e-005 3.74391e-005 7.3152e-005 0.000140207 0.000263617 0.000486246 0.000879916 0.00156224 0.00272147 0.00465193 0.00780304 0.0129682 0.0210979 0.0336467 0.0526447 0.0808558 0.12195 0.180677 0.263024 0.37633 0.529344 0.732179 0.996159 1.33352 1.75698 2.27914 2.91183 3.66531 4.54751 5.56324 6.71358 7.99539 9.40104 10.9184 12.531 14.2187 15.9583 17.7244 17.7244 0 0 0 0 0 0 0 0 0 0 0 0 0 0 0 0 0 0 0 0 0 0 0 0 0 0 0 0 0 0 0 0 0 0 0 0 0 0 0 0 0 0 0 0 0 0 0 0 0 0 0 0 0 0 0 0 0 0 0 0 0 0 0 0 0 0 0 0 0 0 0 0 0 0 0 0 0 0 0 0 0 0 0 0 0 0 0 0 0 0 0 0 0 0 0 0 0 0 0 0 0 0 0 0 0 0 0 0 0 0 0 0 0 0 0 0 0 0 0 0 0 0 0 0 0 0 0 0 0 0 0 0 0 0 0 0 0 0 0 0 0 0 0 0 0 0 0 0 
0 1.35967e-010 4.04791e-010 1.056e-009 2.66304e-009 6.5726e-009 1.59031e-008 3.77328e-008 8.7795e-008 2.0033e-007 4.4829e-007 9.83825e-007 2.11755e-006 4.47013e-006 9.25524e-006 1.87954e-005 3.74391e-005 7.3152e-005 0.000140207 0.000263617 0.000486246 0.000879916 0.00168565 0.00306751 0.00539164 0.00922508 0.0154261 0.0252636 0.0405699 0.0639273 0.0988862 0.150205 0.224097 0.328454 0.473017 0.669451 0.931276 1.2736 1.71266 2.26506 2.94684 3.77233 4.75284 5.89537 7.20147 8.66624 10.2778 12.0174 13.8596 15.7736 17.7244 17.7244 0 0 0 0 0 0 0 0 0 0 0 0 0 0 0 0 0 0 0 0 0 0 0 0 0 0 0 0 0 0 0 0 0 0 0 0 0 0 0 0 0 0 0 0 0 0 0 0 0 0 0 0 0 0 0 0 0 0 0 0 0 0 0 0 0 0 0 0 0 0 0 0 0 0 0 0 0 0 0 0 0 0 0 0 0 0 0 0 0 0 0 0 0 0 0 0 0 0 0 0 0 0 0 0 0 0 0 0 0 0 0 0 0 0 0 0 0 0 0 0 0 0 0 0 0 0 0 0 0 0 0 0 0 0 0 0 0 0 0 0 0 0 0 0 0 0 0 0 
0 1.89445e-011 5.81286e-011 1.57355e-010 4.12509e-010 1.05872e-009 2.66399e-009 6.57292e-009 1.59032e-008 3.77328e-008 8.7795e-008 2.0033e-007 4.4829e-007 9.83825e-007 2.11755e-006 4.47013e-006 9.25524e-006 1.87954e-005 3.74391e-005 7.3152e-005 0.000263617 0.000609656 0.00122596 0.00230195 0.00414351 0.00723319 0.0123148 0.0205076 0.0334564 0.0535187 0.0839895 0.129357 0.195573 0.290313 0.423194 0.605898 0.852155 1.17753 1.59898 2.13411 2.80018 3.61292 4.58507 5.72499 7.03529 8.51177 10.1427 11.9088 13.7835 15.7343 17.7244 17.7244 0 0 0 0 0 0 0 0 0 0 0 0 0 0 0 0 0 0 0 0 0 0 0 0 0 0 0 0 0 0 0 0 0 0 0 0 0 0 0 0 0 0 0 0 0 0 0 0 0 0 0 0 0 0 0 0 0 0 0 0 0 0 0 0 0 0 0 0 0 0 0 0 0 0 0 0 0 0 0 0 0 0 0 0 0 0 0 0 0 0 0 0 0 0 0 0 0 0 0 0 0 0 0 0 0 0 0 0 0 0 0 0 0 0 0 0 0 0 0 0 0 0 0 0 0 0 0 0 0 0 0 0 0 0 0 0 0 0 0 0 0 0 0 0 0 0 0 0 
0 2.43777e-012 7.71895e-012 2.16751e-011 5.90815e-011 1.57672e-010 4.12627e-010 1.05876e-009 2.664e-009 6.57293e-009 1.59032e-008 3.77328e-008 8.7795e-008 2.0033e-007 4.4829e-007 9.83825e-007 2.11755e-006 4.47013e-006 0.000132665 0.000364835 0.000777148 0.00149519 0.00272147 0.00477534 0.00814908 0.0135845 0.0221739 0.0354883 0.0557344 0.0859373 0.130143 0.193626 0.283086 0.406801 0.574711 0.798395 1.0909 1.4664 1.93968 2.5254 3.23721 4.08676 5.08264 6.22932 7.52632 8.96754 10.541 12.2287 14.0075 15.8497 17.7244 17.7244 0 0 0 0 0 0 0 0 0 0 0 0 0 0 0 0 0 0 0 0 0 0 0 0 0 0 0 0 0 0 0 0 0 0 0 0 0 0 0 0 0 0 0 0 0 0 0 0 0 0 0 0 0 0 0 0 0 0 0 0 0 0 0 0 0 0 0 0 0 0 0 0 0 0 0 0 0 0 0 0 0 0 0 0 0 0 0 0 0 0 0 0 0 0 0 0 0 0 0 0 0 0 0 0 0 0 0 0 0 0 0 0 0 0 0 0 0 0 0 0 0 0 0 0 0 0 0 0 0 0 0 0 0 0 0 0 0 0 0 0 0 0 0 0 0 0 0 0 
0 2.87451e-013 9.5407e-013 2.76169e-012 7.84001e-012 2.17101e-011 5.90902e-011 1.57682e-010 4.12622e-010 1.05876e-009 2.664e-009 6.57293e-009 1.59032e-008 3.77328e-008 8.7795e-008 2.0033e-007 0.000123858 0.000347023 0.000741826 0.00142651 0.00259052 0.00453052 0.00770027 0.0127777 0.0207519 0.0330304 0.0515687 0.0790142 0.11886 0.175596 0.254831 0.363381 0.509282 0.701708 0.950791 1.2673 1.66224 2.14626 2.72913 3.41906 4.22213 5.14179 6.17846 7.32931 8.5883 9.94623 11.3911 12.9084 14.4818 16.0935 17.7244 17.7244 0 0 0 0 0 0 0 0 0 0 0 0 0 0 0 0 0 0 0 0 0 0 0 0 0 0 0 0 0 0 0 0 0 0 0 0 0 0 0 0 0 0 0 0 0 0 0 0 0 0 0 0 0 0 0 0 0 0 0 0 0 0 0 0 0 0 0 0 0 0 0 0 0 0 0 0 0 0 0 0 0 0 0 0 0 0 0 0 0 0 0 0 0 0 0 0 0 0 0 0 0 0 0 0 0 0 0 0 0 0 0 0 0 0 0 0 0 0 0 0 0 0 0 0 0 0 0 0 0 0 0 0 0 0 0 0 0 0 0 0 0 0 0 0 0 0 0 0 
0 3.10862e-014 1.22194e-013 3.28848e-013 9.65256e-013 2.77049e-012 7.83303e-012 2.1709e-011 5.90902e-011 1.57678e-010 4.12625e-010 1.05876e-009 2.664e-009 6.57293e-009 0.000123426 0.000346077 0.000739796 0.00142224 0.00258171 0.0045127 0.00766495 0.0127091 0.0206209 0.0327856 0.0511199 0.0782075 0.117438 0.173138 0.250665 0.356458 0.497999 0.683678 0.922536 1.22388 1.59681 2.04957 2.58902 3.21996 3.94469 4.76265 5.67037 6.66161 7.7278 8.85871 10.0432 11.2702 12.5292 13.811 15.108 16.4141 17.7244 17.7244 0 0 0 0 0 0 0 0 0 0 0 0 0 0 0 0 0 0 0 0 0 0 0 0 0 0 0 0 0 0 0 0 0 0 0 0 0 0 0 0 0 0 0 0 0 0 0 0 0 0 0 0 0 0 0 0 0 0 0 0 0 0 0 0 0 0 0 0 0 0 0 0 0 0 0 0 0 0 0 0 0 0 0 0 0 0 0 0 0 0 0 0 0 0 0 0 0 0 0 0 0 0 0 0 0 0 0 0 0 0 0 0 0 0 0 0 0 0 0 0 0 0 0 0 0 0 0 0 0 0 0 0 0 0 0 0 0 0 0 0 0 0 0 0 0 0 0 0 
0 4.92661e-015 1.23235e-014 4.63241e-014 1.17684e-013 3.27183e-013 9.63507e-013 2.76423e-012 7.83304e-012 2.17107e-011 5.90935e-011 1.57677e-010 0.00012341 0.000346041 0.000739711 0.00142204 0.00258128 0.00451176 0.00766292 0.0127048 0.0206121 0.0327678 0.0510846 0.0781388 0.117307 0.172893 0.250217 0.355652 0.496577 0.68122 0.91837 1.21696 1.58552 2.03154 2.56076 3.17654 3.87926 4.66597 5.53027 6.46251 7.45035 8.47957 9.53514 10.6025 11.6687 12.7235 13.7601 14.7759 15.7717 16.7522 17.7244 17.7244 0 0 0 0 0 0 0 0 0 0 0 0 0 0 0 0 0 0 0 0 0 0 0 0 0 0 0 0 0 0 0 0 0 0 0 0 0 0 0 0 0 0 0 0 0 0 0 0 0 0 0 0 0 0 0 0 0 0 0 0 0 0 0 0 0 0 0 0 0 0 0 0 0 0 0 0 0 0 0 0 0 0 0 0 0 0 0 0 0 0 0 0 0 0 0 0 0 0 0 0 0 0 0 0 0 0 0 0 0 0 0 0 0 0 0 0 0 0 0 0 0 0 0 0 0 0 0 0 0 0 0 0 0 0 0 0 0 0 0 0 0 0 0 0 0 0 0 0 
0 4.92661e-015 -3.3723e-015 9.70057e-015 1.30451e-014 3.94268e-014 1.15935e-013 3.26156e-013 9.63521e-013 2.76587e-012 0.00012341 0.00034604 0.000739709 0.00142204 0.00258127 0.00451172 0.00766283 0.0127046 0.0206117 0.0327669 0.0510826 0.0781345 0.117299 0.172875 0.250181 0.355583 0.496446 0.680975 0.917922 1.21615 1.5841 2.02908 2.5566 3.16962 3.86798 4.64794 5.50201 6.41909 7.38492 8.38288 9.39504 10.4034 11.3912 12.3443 13.2521 14.1082 14.9112 15.6647 16.3765 17.0583 17.7244 17.7244 0 0 0 0 0 0 0 0 0 0 0 0 0 0 0 0 0 0 0 0 0 0 0 0 0 0 0 0 0 0 0 0 0 0 0 0 0 0 0 0 0 0 0 0 0 0 0 0 0 0 0 0 0 0 0 0 0 0 0 0 0 0 0 0 0 0 0 0 0 0 0 0 0 0 0 0 0 0 0 0 0 0 0 0 0 0 0 0 0 0 0 0 0 0 0 0 0 0 0 0 0 0 0 0 0 0 0 0 0 0 0 0 0 0 0 0 0 0 0 0 0 0 0 0 0 0 0 0 0 0 0 0 0 0 0 0 0 0 0 0 0 0 0 0 0 0 0 0 
0 -5.53724e-015 1.85962e-015 4.46865e-015 -2.65066e-015 8.03524e-015 1.12965e-014 3.83998e-014 0.00012341 0.00034604 0.000739709 0.00142204 0.00258127 0.00451172 0.00766283 0.0127046 0.0206116 0.0327668 0.0510825 0.0781343 0.117298 0.172874 0.250179 0.355579 0.496437 0.680957 0.917886 1.21609 1.58397 2.02884 2.55615 3.16881 3.86655 4.64548 5.49784 6.41217 7.37364 8.36485 9.36678 10.36 11.3258 12.2477 13.112 13.9091 14.6338 15.2856 15.8685 16.3906 16.8639 17.303 17.7244 17.7244 0 0 0 0 0 0 0 0 0 0 0 0 0 0 0 0 0 0 0 0 0 0 0 0 0 0 0 0 0 0 0 0 0 0 0 0 0 0 0 0 0 0 0 0 0 0 0 0 0 0 0 0 0 0 0 0 0 0 0 0 0 0 0 0 0 0 0 0 0 0 0 0 0 0 0 0 0 0 0 0 0 0 0 0 0 0 0 0 0 0 0 0 0 0 0 0 0 0 0 0 0 0 0 0 0 0 0 0 0 0 0 0 0 0 0 0 0 0 0 0 0 0 0 0 0 0 0 0 0 0 0 0 0 0 0 0 0 0 0 0 0 0 0 0 0 0 0 0 
0 -3.05311e-016 1.85962e-015 -7.63278e-016 2.58127e-015 2.80331e-015 0.00012341 0.00034604 0.000739709 0.00142204 0.00258127 0.00451172 0.00766283 0.0127046 0.0206116 0.0327668 0.0510825 0.0781343 0.117298 0.172874 0.250179 0.355578 0.496437 0.680956 0.917884 1.21608 1.58396 2.02882 2.55611 3.16874 3.86642 4.64523 5.4974 6.41136 7.37222 8.36239 9.36262 10.3531 11.3145 12.2296 13.0837 13.8656 14.5684 15.1889 15.7283 16.1915 16.5865 16.9238 17.2163 17.4781 17.7244 17.7244 0 0 0 0 0 0 0 0 0 0 0 0 0 0 0 0 0 0 0 0 0 0 0 0 0 0 0 0 0 0 0 0 0 0 0 0 0 0 0 0 0 0 0 0 0 0 0 0 0 0 0 0 0 0 0 0 0 0 0 0 0 0 0 0 0 0 0 0 0 0 0 0 0 0 0 0 0 0 0 0 0 0 0 0 0 0 0 0 0 0 0 0 0 0 0 0 0 0 0 0 0 0 0 0 0 0 0 0 0 0 0 0 0 0 0 0 0 0 0 0 0 0 0 0 0 0 0 0 0 0 0 0 0 0 0 0 0 0 0 0 0 0 0 0 0 0 0 0 
0 -3.05311e-016 1.85962e-015 4.46865e-015 0.00012341 0.00034604 0.000739709 0.00142204 0.00258127 0.00451172 0.00766283 0.0127046 0.0206116 0.0327668 0.0510825 0.0781343 0.117298 0.172874 0.250179 0.355578 0.496437 0.680956 0.917884 1.21608 1.58396 2.02882 2.55611 3.16874 3.86641 4.64522 5.49736 6.41129 7.37209 8.36215 9.36217 10.3523 11.3131 12.2272 13.0795 13.8587 14.5571 15.1709 15.7001 16.1481 16.521 16.8271 17.0762 17.279 17.447 17.5915 17.7244 17.7244 0 0 0 0 0 0 0 0 0 0 0 0 0 0 0 0 0 0 0 0 0 0 0 0 0 0 0 0 0 0 0 0 0 0 0 0 0 0 0 0 0 0 0 0 0 0 0 0 0 0 0 0 0 0 0 0 0 0 0 0 0 0 0 0 0 0 0 0 0 0 0 0 0 0 0 0 0 0 0 0 0 0 0 0 0 0 0 0 0 0 0 0 0 0 0 0 0 0 0 0 0 0 0 0 0 0 0 0 0 0 0 0 0 0 0 0 0 0 0 0 0 0 0 0 0 0 0 0 0 0 0 0 0 0 0 0 0 0 0 0 0 0 0 0 0 0 0 0 
0 -3.05311e-016 0.00012341 0.00034604 0.000739709 0.00142204 0.00258127 0.00451172 0.00766283 0.0127046 0.0206116 0.0327668 0.0510825 0.0781343 0.117298 0.172874 0.250179 0.355578 0.496437 0.680956 0.917884 1.21608 1.58396 2.02882 2.55611 3.16874 3.86641 4.64521 5.49736 6.41129 7.37208 8.36213 9.36213 10.3522 11.313 12.2269 13.0791 13.8579 14.5557 15.1684 15.6959 16.1412 16.5097 16.8091 17.048 17.2356 17.3815 17.4948 17.5843 17.6582 17.7244 17.7244 0 0 0 0 0 0 0 0 0 0 0 0 0 0 0 0 0 0 0 0 0 0 0 0 0 0 0 0 0 0 0 0 0 0 0 0 0 0 0 0 0 0 0 0 0 0 0 0 0 0 0 0 0 0 0 0 0 0 0 0 0 0 0 0 0 0 0 0 0 0 0 0 0 0 0 0 0 0 0 0 0 0 0 0 0 0 0 0 0 0 0 0 0 0 0 0 0 0 0 0 0 0 0 0 0 0 0 0 0 0 0 0 0 0 0 0 0 0 0 0 0 0 0 0 0 0 0 0 0 0 0 0 0 0 0 0 0 0 0 0 0 0 0 0 0 0 0 0 
0 0.00034604 0.000739709 0.00142204 0.00258127 0.00451172 0.00766283 0.0127046 0.0206116 0.0327668 0.0510825 0.0781343 0.117298 0.172874 0.250179 0.355578 0.496437 0.680956 0.917884 1.21608 1.58396 2.02882 2.55611 3.16874 3.86641 4.64521 5.49736 6.41129 7.37208 8.36213 9.36213 10.3522 11.313 12.2269 13.079 13.8578 14.5555 15.1682 15.6955 16.1404 16.5083 16.8066 17.0438 17.2287 17.3702 17.4768 17.556 17.6148 17.659 17.6939 17.7244 17.7244 0 0 0 0 0 0 0 0 0 0 0 0 0 0 0 0 0 0 0 0 0 0 0 0 0 0 0 0 0 0 0 0 0 0 0 0 0 0 0 0 0 0 0 0 0 0 0 0 0 0 0 0 0 0 0 0 0 0 0 0 0 0 0 0 0 0 0 0 0 0 0 0 0 0 0 0 0 0 0 0 0 0 0 0 0 0 0 0 0 0 0 0 0 0 0 0 0 0 0 0 0 0 0 0 0 0 0 0 0 0 0 0 0 0 0 0 0 0 0 0 0 0 0 0 0 0 0 0 0 0 0 0 0 0 0 0 0 0 0 0 0 0 0 0 0 0 0 0 
0 0.001076 0.00245786 0.00451172 0.00766283 0.0127046 0.0206116 0.0327668 0.0510825 0.0781343 0.117298 0.172874 0.250179 0.355578 0.496437 0.680956 0.917884 1.21608 1.58396 2.02882 2.55611 3.16874 3.86641 4.64521 5.49736 6.41129 7.37208 8.36213 9.36213 10.3522 11.313 12.2269 13.079 13.8578 14.5555 15.1681 15.6954 16.1403 16.5082 16.8064 17.0433 17.2279 17.3688 17.4743 17.5519 17.6078 17.6477 17.6759 17.6961 17.7114 17.7244 17.7244 0 0 0 0 0 0 0 0 0 0 0 0 0 0 0 0 0 0 0 0 0 0 0 0 0 0 0 0 0 0 0 0 0 0 0 0 0 0 0 0 0 0 0 0 0 0 0 0 0 0 0 0 0 0 0 0 0 0 0 0 0 0 0 0 0 0 0 0 0 0 0 0 0 0 0 0 0 0 0 0 0 0 0 0 0 0 0 0 0 0 0 0 0 0 0 0 0 0 0 0 0 0 0 0 0 0 0 0 0 0 0 0 0 0 0 0 0 0 0 0 0 0 0 0 0 0 0 0 0 0 0 0 0 0 0 0 0 0 0 0 0 0 0 0 0 0 0 0 
0 0.00308968 0.00692312 0.0123586 0.0204882 0.0327668 0.0510825 0.0781343 0.117298 0.172874 0.250179 0.355578 0.496437 0.680956 0.917884 1.21608 1.58396 2.02882 2.55611 3.16874 3.86641 4.64521 5.49736 6.41129 7.37208 8.36213 9.36213 10.3522 11.313 12.2269 13.079 13.8578 14.5555 15.1681 15.6954 16.1403 16.5082 16.8064 17.0433 17.2278 17.3687 17.4741 17.5514 17.607 17.6463 17.6734 17.692 17.7045 17.7131 17.7193 17.7244 17.7244 0 0 0 0 0 0 0 0 0 0 0 0 0 0 0 0 0 0 0 0 0 0 0 0 0 0 0 0 0 0 0 0 0 0 0 0 0 0 0 0 0 0 0 0 0 0 0 0 0 0 0 0 0 0 0 0 0 0 0 0 0 0 0 0 0 0 0 0 0 0 0 0 0 0 0 0 0 0 0 0 0 0 0 0 0 0 0 0 0 0 0 0 0 0 0 0 0 0 0 0 0 0 0 0 0 0 0 0 0 0 0 0 0 0 0 0 0 0 0 0 0 0 0 0 0 0 0 0 0 0 0 0 0 0 0 0 0 0 0 0 0 0 0 0 0 0 0 0 
0 0.00819287 0.0180304 0.0313448 0.0503428 0.0777883 0.117175 0.172874 0.250179 0.355578 0.496437 0.680956 0.917884 1.21608 1.58396 2.02882 2.55611 3.16874 3.86641 4.64521 5.49736 6.41129 7.37208 8.36213 9.36213 10.3522 11.313 12.2269 13.079 13.8578 14.5555 15.1681 15.6954 16.1403 16.5082 16.8064 17.0433 17.2278 17.3687 17.4741 17.5514 17.607 17.6461 17.6732 17.6915 17.7037 17.7117 17.7169 17.7202 17.7226 17.7244 17.7244 0 0 0 0 0 0 0 0 0 0 0 0 0 0 0 0 0 0 0 0 0 0 0 0 0 0 0 0 0 0 0 0 0 0 0 0 0 0 0 0 0 0 0 0 0 0 0 0 0 0 0 0 0 0 0 0 0 0 0 0 0 0 0 0 0 0 0 0 0 0 0 0 0 0 0 0 0 0 0 0 0 0 0 0 0 0 0 0 0 0 0 0 0 0 0 0 0 0 0 0 0 0 0 0 0 0 0 0 0 0 0 0 0 0 0 0 0 0 0 0 0 0 0 0 0 0 0 0 0 0 0 0 0 0 0 0 0 0 0 0 0 0 0 0 0 0 0 0 
0 0.0200622 0.0434196 0.0736226 0.114717 0.171452 0.249439 0.355232 0.496313 0.680956 0.917884 1.21608 1.58396 2.02882 2.55611 3.16874 3.86641 4.64521 5.49736 6.41129 7.37208 8.36213 9.36213 10.3522 11.313 12.2269 13.079 13.8578 14.5555 15.1681 15.6954 16.1403 16.5082 16.8064 17.0433 17.2278 17.3687 17.4741 17.5514 17.607 17.6461 17.6732 17.6915 17.7037 17.7116 17.7166 17.7198 17.7217 17.723 17.7238 17.7244 17.7244 0 0 0 0 0 0 0 0 0 0 0 0 0 0 0 0 0 0 0 0 0 0 0 0 0 0 0 0 0 0 0 0 0 0 0 0 0 0 0 0 0 0 0 0 0 0 0 0 0 0 0 0 0 0 0 0 0 0 0 0 0 0 0 0 0 0 0 0 0 0 0 0 0 0 0 0 0 0 0 0 0 0 0 0 0 0 0 0 0 0 0 0 0 0 0 0 0 0 0 0 0 0 0 0 0 0 0 0 0 0 0 0 0 0 0 0 0 0 0 0 0 0 0 0 0 0 0 0 0 0 0 0 0 0 0 0 0 0 0 0 0 0 0 0 0 0 0 0 
0 0.0453675 0.0966866 0.16017 0.242516 0.351067 0.493856 0.679534 0.917144 1.21574 1.58384 2.02882 2.55611 3.16874 3.86641 4.64521 5.49736 6.41129 7.37208 8.36213 9.36213 10.3522 11.313 12.2269 13.079 13.8578 14.5555 15.1681 15.6954 16.1403 16.5082 16.8064 17.0433 17.2278 17.3687 17.4741 17.5514 17.607 17.6461 17.6732 17.6915 17.7036 17.7116 17.7166 17.7197 17.7217 17.7228 17.7235 17.7239 17.7242 17.7244 17.7244 0 0 0 0 0 0 0 0 0 0 0 0 0 0 0 0 0 0 0 0 0 0 0 0 0 0 0 0 0 0 0 0 0 0 0 0 0 0 0 0 0 0 0 0 0 0 0 0 0 0 0 0 0 0 0 0 0 0 0 0 0 0 0 0 0 0 0 0 0 0 0 0 0 0 0 0 0 0 0 0 0 0 0 0 0 0 0 0 0 0 0 0 0 0 0 0 0 0 0 0 0 0 0 0 0 0 0 0 0 0 0 0 0 0 0 0 0 0 0 0 0 0 0 0 0 0 0 0 0 0 0 0 0 0 0 0 0 0 0 0 0 0 0 0 0 0 0 0 
0 0.0947401 0.199097 0.322812 0.475825 0.668252 0.910221 1.21157 1.58138 2.0274 2.55537 3.16839 3.86629 4.64521 5.49736 6.41129 7.37208 8.36213 9.36213 10.3522 11.313 12.2269 13.079 13.8578 14.5555 15.1681 15.6954 16.1403 16.5082 16.8064 17.0433 17.2278 17.3687 17.4741 17.5514 17.607 17.6461 17.6732 17.6915 17.7036 17.7116 17.7166 17.7197 17.7217 17.7228 17.7235 17.7239 17.7241 17.7243 17.7243 17.7244 17.7244 0 0 0 0 0 0 0 0 0 0 0 0 0 0 0 0 0 0 0 0 0 0 0 0 0 0 0 0 0 0 0 0 0 0 0 0 0 0 0 0 0 0 0 0 0 0 0 0 0 0 0 0 0 0 0 0 0 0 0 0 0 0 0 0 0 0 0 0 0 0 0 0 0 0 0 0 0 0 0 0 0 0 0 0 0 0 0 0 0 0 0 0 0 0 0 0 0 0 0 0 0 0 0 0 0 0 0 0 0 0 0 0 0 0 0 0 0 0 0 0 0 0 0 0 0 0 0 0 0 0 0 0 0 0 0 0 0 0 0 0 0 0 0 0 0 0 0 0 
0 0.182704 0.379139 0.602822 0.866802 1.18331 1.56335 2.01611 2.54845 3.16423 3.86383 4.64379 5.49662 6.41094 7.37196 8.36213 9.36213 10.3522 11.313 12.2269 13.079 13.8578 14.5555 15.1681 15.6954 16.1403 16.5082 16.8064 17.0433 17.2278 17.3687 17.4741 17.5514 17.607 17.6461 17.6732 17.6915 17.7036 17.7116 17.7166 17.7197 17.7217 17.7228 17.7235 17.7239 17.7241 17.7243 17.7243 17.7244 17.7244 17.7244 17.7244 0 0 0 0 0 0 0 0 0 0 0 0 0 0 0 0 0 0 0 0 0 0 0 0 0 0 0 0 0 0 0 0 0 0 0 0 0 0 0 0 0 0 0 0 0 0 0 0 0 0 0 0 0 0 0 0 0 0 0 0 0 0 0 0 0 0 0 0 0 0 0 0 0 0 0 0 0 0 0 0 0 0 0 0 0 0 0 0 0 0 0 0 0 0 0 0 0 0 0 0 0 0 0 0 0 0 0 0 0 0 0 0 0 0 0 0 0 0 0 0 0 0 0 0 0 0 0 0 0 0 0 0 0 0 0 0 0 0 0 0 0 0 0 0 0 0 0 0 
0 0.325378 0.667705 1.04321 1.46666 1.95068 2.50503 3.13597 3.8458 4.63251 5.4897 6.40678 7.3695 8.36071 9.36139 10.3518 11.3128 12.2269 13.079 13.8578 14.5555 15.1681 15.6954 16.1403 16.5082 16.8064 17.0433 17.2278 17.3687 17.4741 17.5514 17.607 17.6461 17.6732 17.6915 17.7036 17.7116 17.7166 17.7197 17.7217 17.7228 17.7235 17.7239 17.7241 17.7243 17.7243 17.7244 17.7244 17.7244 17.7244 17.7244 17.7244 0 0 0 0 0 0 0 0 0 0 0 0 0 0 0 0 0 0 0 0 0 0 0 0 0 0 0 0 0 0 0 0 0 0 0 0 0 0 0 0 0 0 0 0 0 0 0 0 0 0 0 0 0 0 0 0 0 0 0 0 0 0 0 0 0 0 0 0 0 0 0 0 0 0 0 0 0 0 0 0 0 0 0 0 0 0 0 0 0 0 0 0 0 0 0 0 0 0 0 0 0 0 0 0 0 0 0 0 0 0 0 0 0 0 0 0 0 0 0 0 0 0 0 0 0 0 0 0 0 0 0 0 0 0 0 0 0 0 0 0 0 0 0 0 0 0 0 0 
0 0.535125 1.08752 1.67324 2.30593 2.99586 3.74912 4.56708 5.44628 6.37852 7.35147 8.34942 9.35447 10.3477 11.3104 12.2255 13.0783 13.8575 14.5554 15.1681 15.6954 16.1403 16.5082 16.8064 17.0433 17.2278 17.3687 17.4741 17.5514 17.607 17.6461 17.6732 17.6915 17.7036 17.7116 17.7166 17.7197 17.7217 17.7228 17.7235 17.7239 17.7241 17.7243 17.7243 17.7244 17.7244 17.7244 17.7244 17.7244 17.7244 17.7244 17.7244 0 0 0 0 0 0 0 0 0 0 0 0 0 0 0 0 0 0 0 0 0 0 0 0 0 0 0 0 0 0 0 0 0 0 0 0 0 0 0 0 0 0 0 0 0 0 0 0 0 0 0 0 0 0 0 0 0 0 0 0 0 0 0 0 0 0 0 0 0 0 0 0 0 0 0 0 0 0 0 0 0 0 0 0 0 0 0 0 0 0 0 0 0 0 0 0 0 0 0 0 0 0 0 0 0 0 0 0 0 0 0 0 0 0 0 0 0 0 0 0 0 0 0 0 0 0 0 0 0 0 0 0 0 0 0 0 0 0 0 0 0 0 0 0 0 0 0 0 
0 0.812738 1.63823 2.48778 3.36998 4.28964 5.24718 6.23842 7.25478 8.28399 9.31105 10.3194 11.2924 12.2142 13.0714 13.8533 14.5529 15.1667 15.6947 16.14 16.5081 16.8064 17.0433 17.2278 17.3687 17.4741 17.5514 17.607 17.6461 17.6732 17.6915 17.7036 17.7116 17.7166 17.7197 17.7217 17.7228 17.7235 17.7239 17.7241 17.7243 17.7243 17.7244 17.7244 17.7244 17.7244 17.7244 17.7244 17.7244 17.7244 17.7244 17.7244 0 0 0 0 0 0 0 0 0 0 0 0 0 0 0 0 0 0 0 0 0 0 0 0 0 0 0 0 0 0 0 0 0 0 0 0 0 0 0 0 0 0 0 0 0 0 0 0 0 0 0 0 0 0 0 0 0 0 0 0 0 0 0 0 0 0 0 0 0 0 0 0 0 0 0 0 0 0 0 0 0 0 0 0 0 0 0 0 0 0 0 0 0 0 0 0 0 0 0 0 0 0 0 0 0 0 0 0 0 0 0 0 0 0 0 0 0 0 0 0 0 0 0 0 0 0 0 0 0 0 0 0 0 0 0 0 0 0 0 0 0 0 0 0 0 0 0 0 
0 1.13992 2.28245 3.42913 4.57947 5.73033 6.87564 8.00655 9.11195 10.1793 11.1957 12.1488 13.028 13.8251 14.5349 15.1554 15.6878 16.1358 16.5056 16.805 17.0426 17.2275 17.3686 17.4741 17.5514 17.607 17.6461 17.6732 17.6915 17.7036 17.7116 17.7166 17.7197 17.7217 17.7228 17.7235 17.7239 17.7241 17.7243 17.7243 17.7244 17.7244 17.7244 17.7244 17.7244 17.7244 17.7244 17.7244 17.7244 17.7244 17.7244 17.7244 0 0 0 0 0 0 0 0 0 0 0 0 0 0 0 0 0 0 0 0 0 0 0 0 0 0 0 0 0 0 0 0 0 0 0 0 0 0 0 0 0 0 0 0 0 0 0 0 0 0 0 0 0 0 0 0 0 0 0 0 0 0 0 0 0 0 0 0 0 0 0 0 0 0 0 0 0 0 0 0 0 0 0 0 0 0 0 0 0 0 0 0 0 0 0 0 0 0 0 0 0 0 0 0 0 0 0 0 0 0 0 0 0 0 0 0 0 0 0 0 0 0 0 0 0 0 0 0 0 0 0 0 0 0 0 0 0 0 0 0 0 0 0 0 0 0 0 0 
0 1.47648 2.94125 4.38247 5.78812 7.14605 8.44424 9.67122 10.8165 11.8713 12.8289 13.685 14.4382 15.09 15.6444 16.1075 16.4876 16.7937 17.0356 17.2233 17.3661 17.4727 17.5506 17.6066 17.646 17.6732 17.6915 17.7036 17.7116 17.7166 17.7197 17.7217 17.7228 17.7235 17.7239 17.7241 17.7243 17.7243 17.7244 17.7244 17.7244 17.7244 17.7244 17.7244 17.7244 17.7244 17.7244 17.7244 17.7244 17.7244 17.7244 17.7244 0 0 0 0 0 0 0 0 0 0 0 0 0 0 0 0 0 0 0 0 0 0 0 0 0 0 0 0 0 0 0 0 0 0 0 0 0 0 0 0 0 0 0 0 0 0 0 0 0 0 0 0 0 0 0 0 0 0 0 0 0 0 0 0 0 0 0 0 0 0 0 0 0 0 0 0 0 0 0 0 0 0 0 0 0 0 0 0 0 0 0 0 0 0 0 0 0 0 0 0 0 0 0 0 0 0 0 0 0 0 0 0 0 0 0 0 0 0 0 0 0 0 0 0 0 0 0 0 0 0 0 0 0 0 0 0 0 0 0 0 0 0 0 0 0 0 0 0 
0 1.76607 3.50567 5.19339 6.80602 8.32336 9.72901 11.0108 12.1612 13.1769 14.0591 14.8126 15.4453 15.9674 16.3909 16.7282 16.9922 17.1951 17.3481 17.4614 17.5437 17.6024 17.6435 17.6718 17.6908 17.7033 17.7114 17.7166 17.7197 17.7217 17.7228 17.7235 17.7239 17.7241 17.7243 17.7243 17.7244 17.7244 17.7244 17.7244 17.7244 17.7244 17.7244 17.7244 17.7244 17.7244 17.7244 17.7244 17.7244 17.7244 17.7244 17.7244 0 0 0 0 0 0 0 0 0 0 0 0 0 0 0 0 0 0 0 0 0 0 0 0 0 0 0 0 0 0 0 0 0 0 0 0 0 0 0 0 0 0 0 0 0 0 0 0 0 0 0 0 0 0 0 0 0 0 0 0 0 0 0 0 0 0 0 0 0 0 0 0 0 0 0 0 0 0 0 0 0 0 0 0 0 0 0 0 0 0 0 0 0 0 0 0 0 0 0 0 0 0 0 0 0 0 0 0 0 0 0 0 0 0 0 0 0 0 0 0 0 0 0 0 0 0 0 0 0 0 0 0 0 0 0 0 0 0 0 0 0 0 0 0 0 0 0 0 
0 1.95084 3.86477 5.70696 7.44655 9.05816 10.5229 11.829 12.9716 13.9521 14.7776 15.4593 16.0117 16.4508 16.7931 17.0549 17.2514 17.3959 17.5003 17.5742 17.6255 17.6605 17.6838 17.6991 17.709 17.7152 17.719 17.7213 17.7227 17.7235 17.7239 17.7241 17.7243 17.7243 17.7244 17.7244 17.7244 17.7244 17.7244 17.7244 17.7244 17.7244 17.7244 17.7244 17.7244 17.7244 17.7244 17.7244 17.7244 17.7244 17.7244 17.7244 0 0 0 0 0 0 0 0 0 0 0 0 0 0 0 0 0 0 0 0 0 0 0 0 0 0 0 0 0 0 0 0 0 0 0 0 0 0 0 0 0 0 0 0 0 0 0 0 0 0 0 0 0 0 0 0 0 0 0 0 0 0 0 0 0 0 0 0 0 0 0 0 0 0 0 0 0 0 0 0 0 0 0 0 0 0 0 0 0 0 0 0 0 0 0 0 0 0 0 0 0 0 0 0 0 0 0 0 0 0 0 0 0 0 0 0 0 0 0 0 0 0 0 0 0 0 0 0 0 0 0 0 0 0 0 0 0 0 0 0 0 0 0 0 0 0 0 0 
0 1.99005 3.94089 5.81561 7.58168 9.21263 10.6891 11.9994 13.1393 14.1115 14.9242 15.5903 16.1254 16.5469 16.8722 17.1185 17.3012 17.4341 17.5288 17.595 17.6404 17.6709 17.6909 17.7039 17.7121 17.7172 17.7203 17.7221 17.7232 17.7238 17.7241 17.7243 17.7244 17.7244 17.7244 17.7244 17.7244 17.7244 17.7244 17.7244 17.7244 17.7244 17.7244 17.7244 17.7244 17.7244 17.7244 17.7244 17.7244 17.7244 17.7244 17.7244 0 0 0 0 0 0 0 0 0 0 0 0 0 0 0 0 0 0 0 0 0 0 0 0 0 0 0 0 0 0 0 0 0 0 0 0 0 0 0 0 0 0 0 0 0 0 0 0 0 0 0 0 0 0 0 0 0 0 0 0 0 0 0 0 0 0 0 0 0 0 0 0 0 0 0 0 0 0 0 0 0 0 0 0 0 0 0 0 0 0 0 0 0 0 0 0 0 0 0 0 0 0 0 0 0 0 0 0 0 0 0 0 0 0 0 0 0 0 0 0 0 0 0 0 0 0 0 0 0 0 0 0 0 0 0 0 0 0 0 0 0 0 0 0 0 0 0 0 
0 1.87472 3.71691 5.49572 7.18344 8.75686 10.1981 11.4951 12.6418 13.6376 14.4872 15.199 15.7847 16.258 16.6335 16.926 17.1497 17.3176 17.4413 17.5308 17.5943 17.6385 17.6687 17.6889 17.7022 17.7108 17.7162 17.7196 17.7217 17.7229 17.7236 17.724 17.7243 17.7244 17.7244 17.7244 17.7244 17.7244 17.7244 17.7244 17.7244 17.7244 17.7244 17.7244 17.7244 17.7244 17.7244 17.7244 17.7244 17.7244 17.7244 17.7244 0 0 0 0 0 0 0 0 0 0 0 0 0 0 0 0 0 0 0 0 0 0 0 0 0 0 0 0 0 0 0 0 0 0 0 0 0 0 0 0 0 0 0 0 0 0 0 0 0 0 0 0 0 0 0 0 0 0 0 0 0 0 0 0 0 0 0 0 0 0 0 0 0 0 0 0 0 0 0 0 0 0 0 0 0 0 0 0 0 0 0 0 0 0 0 0 0 0 0 0 0 0 0 0 0 0 0 0 0 0 0 0 0 0 0 0 0 0 0 0 0 0 0 0 0 0 0 0 0 0 0 0 0 0 0 0 0 0 0 0 0 0 0 0 0 0 0 0 
0 1.63094 3.24255 4.81597 6.33331 7.77817 9.1361 10.3951 11.5459 12.5826 13.5023 14.3053 14.9953 15.5781 16.0622 16.4571 16.7736 17.0227 17.2151 17.361 17.4696 17.5488 17.6055 17.6454 17.6728 17.6914 17.7036 17.7116 17.7167 17.7199 17.7218 17.723 17.7237 17.7241 17.7243 17.7244 17.7244 17.7244 17.7244 17.7244 17.7244 17.7244 17.7244 17.7244 17.7244 17.7244 17.7244 17.7244 17.7244 17.7244 17.7244 17.7244 0 0 0 0 0 0 0 0 0 0 0 0 0 0 0 0 0 0 0 0 0 0 0 0 0 0 0 0 0 0 0 0 0 0 0 0 0 0 0 0 0 0 0 0 0 0 0 0 0 0 0 0 0 0 0 0 0 0 0 0 0 0 0 0 0 0 0 0 0 0 0 0 0 0 0 0 0 0 0 0 0 0 0 0 0 0 0 0 0 0 0 0 0 0 0 0 0 0 0 0 0 0 0 0 0 0 0 0 0 0 0 0 0 0 0 0 0 0 0 0 0 0 0 0 0 0 0 0 0 0 0 0 0 0 0 0 0 0 0 0 0 0 0 0 0 0 0 0 
0 1.3103 2.6164 3.9134 5.19521 6.4542 7.68117 8.86569 9.9966 11.0628 12.054 12.9617 13.7797 14.5044 15.1354 15.6748 16.1276 16.5005 16.8019 17.0407 17.2264 17.3679 17.4737 17.5513 17.607 17.6462 17.6733 17.6916 17.7038 17.7117 17.7167 17.7199 17.7218 17.723 17.7237 17.7241 17.7243 17.7244 17.7244 17.7244 17.7244 17.7244 17.7244 17.7244 17.7244 17.7244 17.7244 17.7244 17.7244 17.7244 17.7244 17.7244 0 0 0 0 0 0 0 0 0 0 0 0 0 0 0 0 0 0 0 0 0 0 0 0 0 0 0 0 0 0 0 0 0 0 0 0 0 0 0 0 0 0 0 0 0 0 0 0 0 0 0 0 0 0 0 0 0 0 0 0 0 0 0 0 0 0 0 0 0 0 0 0 0 0 0 0 0 0 0 0 0 0 0 0 0 0 0 0 0 0 0 0 0 0 0 0 0 0 0 0 0 0 0 0 0 0 0 0 0 0 0 0 0 0 0 0 0 0 0 0 0 0 0 0 0 0 0 0 0 0 0 0 0 0 0 0 0 0 0 0 0 0 0 0 0 0 0 0 
0 0.97215 1.95266 2.94853 3.96426 5.00092 6.05571 7.1219 8.18925 9.24483 10.274 11.2619 12.1941 13.0584 13.8451 14.5479 15.1636 15.6929 16.1389 16.5074 16.806 17.0432 17.2278 17.3687 17.4742 17.5515 17.6071 17.6463 17.6733 17.6916 17.7038 17.7117 17.7167 17.7199 17.7218 17.723 17.7237 17.7241 17.7243 17.7244 17.7244 17.7244 17.7244 17.7244 17.7244 17.7244 17.7244 17.7244 17.7244 17.7244 17.7244 17.7244 0 0 0 0 0 0 0 0 0 0 0 0 0 0 0 0 0 0 0 0 0 0 0 0 0 0 0 0 0 0 0 0 0 0 0 0 0 0 0 0 0 0 0 0 0 0 0 0 0 0 0 0 0 0 0 0 0 0 0 0 0 0 0 0 0 0 0 0 0 0 0 0 0 0 0 0 0 0 0 0 0 0 0 0 0 0 0 0 0 0 0 0 0 0 0 0 0 0 0 0 0 0 0 0 0 0 0 0 0 0 0 0 0 0 0 0 0 0 0 0 0 0 0 0 0 0 0 0 0 0 0 0 0 0 0 0 0 0 0 0 0 0 0 0 0 0 0 0 
0 0.666077 1.34786 2.05967 2.81316 3.61623 4.47234 5.38006 6.33316 7.321 8.32936 9.34152 10.3395 11.3053 12.2224 13.0765 13.8564 14.5548 15.1678 15.6953 16.1403 16.5082 16.8065 17.0434 17.228 17.3688 17.4742 17.5515 17.6071 17.6463 17.6733 17.6916 17.7038 17.7117 17.7167 17.7199 17.7218 17.723 17.7237 17.7241 17.7243 17.7244 17.7244 17.7244 17.7244 17.7244 17.7244 17.7244 17.7244 17.7244 17.7244 17.7244 0 0 0 0 0 0 0 0 0 0 0 0 0 0 0 0 0 0 0 0 0 0 0 0 0 0 0 0 0 0 0 0 0 0 0 0 0 0 0 0 0 0 0 0 0 0 0 0 0 0 0 0 0 0 0 0 0 0 0 0 0 0 0 0 0 0 0 0 0 0 0 0 0 0 0 0 0 0 0 0 0 0 0 0 0 0 0 0 0 0 0 0 0 0 0 0 0 0 0 0 0 0 0 0 0 0 0 0 0 0 0 0 0 0 0 0 0 0 0 0 0 0 0 0 0 0 0 0 0 0 0 0 0 0 0 0 0 0 0 0 0 0 0 0 0 0 0 0 
0 0.421447 0.860503 1.33378 1.85594 2.43881 3.0906 3.81533 4.61245 5.47675 6.39859 7.36442 8.35762 9.35955 10.3508 11.3122 12.2266 13.0789 13.8578 14.5556 15.1682 15.6956 16.1404 16.5083 16.8065 17.0434 17.228 17.3688 17.4742 17.5515 17.6071 17.6463 17.6733 17.6916 17.7038 17.7117 17.7167 17.7199 17.7218 17.723 17.7237 17.7241 17.7243 17.7244 17.7244 17.7244 17.7244 17.7244 17.7244 17.7244 17.7244 17.7244 0 0 0 0 0 0 0 0 0 0 0 0 0 0 0 0 0 0 0 0 0 0 0 0 0 0 0 0 0 0 0 0 0 0 0 0 0 0 0 0 0 0 0 0 0 0 0 0 0 0 0 0 0 0 0 0 0 0 0 0 0 0 0 0 0 0 0 0 0 0 0 0 0 0 0 0 0 0 0 0 0 0 0 0 0 0 0 0 0 0 0 0 0 0 0 0 0 0 0 0 0 0 0 0 0 0 0 0 0 0 0 0 0 0 0 0 0 0 0 0 0 0 0 0 0 0 0 0 0 0 0 0 0 0 0 0 0 0 0 0 0 0 0 0 0 0 0 0 
0 0.246258 0.508082 0.800586 1.13795 1.53288 1.99605 2.5355 3.15603 3.85875 4.6407 5.49478 6.40987 7.37134 8.36178 9.36201 10.3522 11.313 12.227 13.0792 13.858 14.5557 15.1683 15.6956 16.1404 16.5083 16.8065 17.0434 17.228 17.3688 17.4742 17.5515 17.6071 17.6463 17.6733 17.6916 17.7038 17.7117 17.7167 17.7199 17.7218 17.723 17.7237 17.7241 17.7243 17.7244 17.7244 17.7244 17.7244 17.7244 17.7244 17.7244 0 0 0 0 0 0 0 0 0 0 0 0 0 0 0 0 0 0 0 0 0 0 0 0 0 0 0 0 0 0 0 0 0 0 0 0 0 0 0 0 0 0 0 0 0 0 0 0 0 0 0 0 0 0 0 0 0 0 0 0 0 0 0 0 0 0 0 0 0 0 0 0 0 0 0 0 0 0 0 0 0 0 0 0 0 0 0 0 0 0 0 0 0 0 0 0 0 0 0 0 0 0 0 0 0 0 0 0 0 0 0 0 0 0 0 0 0 0 0 0 0 0 0 0 0 0 0 0 0 0 0 0 0 0 0 0 0 0 0 0 0 0 0 0 0 0 0 0 
0 0.132881 0.277444 0.445354 0.64819 0.897272 1.20338 1.5763 2.02431 2.55353 3.16732 3.86567 4.64487 5.49724 6.41129 7.37215 8.36223 9.36225 10.3523 11.3131 12.227 13.0792 13.858 14.5557 15.1683 15.6956 16.1404 16.5083 16.8065 17.0434 17.228 17.3688 17.4742 17.5515 17.6071 17.6463 17.6733 17.6916 17.7038 17.7117 17.7167 17.7199 17.7218 17.723 17.7237 17.7241 17.7243 17.7244 17.7244 17.7244 17.7244 17.7244 0 0 0 0 0 0 0 0 0 0 0 0 0 0 0 0 0 0 0 0 0 0 0 0 0 0 0 0 0 0 0 0 0 0 0 0 0 0 0 0 0 0 0 0 0 0 0 0 0 0 0 0 0 0 0 0 0 0 0 0 0 0 0 0 0 0 0 0 0 0 0 0 0 0 0 0 0 0 0 0 0 0 0 0 0 0 0 0 0 0 0 0 0 0 0 0 0 0 0 0 0 0 0 0 0 0 0 0 0 0 0 0 0 0 0 0 0 0 0 0 0 0 0 0 0 0 0 0 0 0 0 0 0 0 0 0 0 0 0 0 0 0 0 0 0 0 0 0 
0 0.0662157 0.140108 0.229568 0.342874 0.488774 0.676445 0.915303 1.21466 1.58322 2.02847 2.55599 3.16874 3.86648 4.64532 5.49748 6.41142 7.37221 8.36227 9.36227 10.3523 11.3131 12.227 13.0792 13.858 14.5557 15.1683 15.6956 16.1404 16.5083 16.8065 17.0434 17.228 17.3688 17.4742 17.5515 17.6071 17.6463 17.6733 17.6916 17.7038 17.7117 17.7167 17.7199 17.7218 17.723 17.7237 17.7241 17.7243 17.7244 17.7244 17.7244 0 0 0 0 0 0 0 0 0 0 0 0 0 0 0 0 0 0 0 0 0 0 0 0 0 0 0 0 0 0 0 0 0 0 0 0 0 0 0 0 0 0 0 0 0 0 0 0 0 0 0 0 0 0 0 0 0 0 0 0 0 0 0 0 0 0 0 0 0 0 0 0 0 0 0 0 0 0 0 0 0 0 0 0 0 0 0 0 0 0 0 0 0 0 0 0 0 0 0 0 0 0 0 0 0 0 0 0 0 0 0 0 0 0 0 0 0 0 0 0 0 0 0 0 0 0 0 0 0 0 0 0 0 0 0 0 0 0 0 0 0 0 0 0 0 0 0 0 
