0 0 0 0 0 0 0 0 0 0 0.367879 0 0 0 0 0 0 0 0 0 0 0 0 0 0 0 0 0 0 0 0 0 0 0 0 0 0 0 0 0 0 0 0 0 0 0 0 0 0 0 0 0 0 0 0 0 0 0 0 0 0 0 0 0 0 0 0 0 0 0 0 0 0 0 0 0 0 0 0 0 0 0 0 0 0 0 0 0 0 0 0 0 0 0 0 0 0 0 0 0 

0 0 0 0 0 0 0 0 0.367879 0.0769786 0.450314 0.0769786 0.367879 0 0 0 0 0 0 0 0 0 0 0 0 0 0 0 0 0 0 0 0 0 0 0 0 0 0 0 0 0 0 0 0 0 0 0 0 0 0 0 0 0 0 0 0 0 0 0 0 0 0 0 0 0 0 0 0 0 0 0 0 0 0 0 0 0 0 0 0 0 0 0 0 0 0 0 0 0 0 0 0 0 0 0 0 0 0 0 

0 0 0 0 0 0 0.367879 0.0769786 0.450314 0.162313 0.535364 0.162313 0.450314 0.0769786 0.367879 0 0 0 0 0 0 0 0 0 0 0 0 0 0 0 0 0 0 0 0 0 0 0 0 0 0 0 0 0 0 0 0 0 0 0 0 0 0 0 0 0 0 0 0 0 0 0 0 0 0 0 0 0 0 0 0 0 0 0 0 0 0 0 0 0 0 0 0 0 0 0 0 0 0 0 0 0 0 0 0 0 0 0 0 0 

0 0 0 0 0.367879 0.0769786 0.450314 0.162313 0.535364 0.243437 0.608707 0.243437 0.535364 0.162313 0.450314 0.0769786 0.367879 0 0 0 0 0 0 0 0 0 0 0 0 0 0 0 0 0 0 0 0 0 0 0 0 0 0 0 0 0 0 0 0 0 0 0 0 0 0 0 0 0 0 0 0 0 0 0 0 0 0 0 0 0 0 0 0 0 0 0 0 0 0 0 0 0 0 0 0 0 0 0 0 0 0 0 0 0 0 0 0 0 0 0 

0 0 0.367879 0.0769786 0.450314 0.162313 0.535364 0.243437 0.608707 0.305224 0.655565 0.305224 0.608707 0.243437 0.535364 0.162313 0.450314 0.0769786 0.367879 0 0 0 0 0 0 0 0 0 0 0 0 0 0 0 0 0 0 0 0 0 0 0 0 0 0 0 0 0 0 0 0 0 0 0 0 0 0 0 0 0 0 0 0 0 0 0 0 0 0 0 0 0 0 0 0 0 0 0 0 0 0 0 0 0 0 0 0 0 0 0 0 0 0 0 0 0 0 0 0 0 

0 0.0769786 0.450314 0.162313 0.535364 0.243437 0.608707 0.305224 0.655565 0.334485 0.665515 0.334485 0.655565 0.305224 0.608707 0.243437 0.535364 0.162313 0.450314 0.0769786 0.367879 0 0 0 0 0 0 0 0 0 0 0 0 0 0 0 0 0 0 0 0 0 0 0 0 0 0 0 0 0 0 0 0 0 0 0 0 0 0 0 0 0 0 0 0 0 0 0 0 0 0 0 0 0 0 0 0 0 0 0 0 0 0 0 0 0 0 0 0 0 0 0 0 0 0 0 0 0 0 0 

0 0.085334 0.167484 0.243437 0.608707 0.305224 0.655565 0.334485 0.665515 0.324535 0.636255 0.324535 0.665515 0.334485 0.655565 0.305224 0.608707 0.243437 0.535364 0.162313 0.450314 0.0769786 0.367879 0 0 0 0 0 0 0 0 0 0 0 0 0 0 0 0 0 0 0 0 0 0 0 0 0 0 0 0 0 0 0 0 0 0 0 0 0 0 0 0 0 0 0 0 0 0 0 0 0 0 0 0 0 0 0 0 0 0 0 0 0 0 0 0 0 0 0 0 0 0 0 0 0 0 0 0 0 

0 0.0811245 0.158393 0.228246 0.287686 0.334485 0.665515 0.324535 0.636255 0.277676 0.574467 0.277676 0.636255 0.324535 0.665515 0.334485 0.655565 0.305224 0.608707 0.243437 0.535364 0.162313 0.450314 0.0769786 0.367879 0 0 0 0 0 0 0 0 0 0 0 0 0 0 0 0 0 0 0 0 0 0 0 0 0 0 0 0 0 0 0 0 0 0 0 0 0 0 0 0 0 0 0 0 0 0 0 0 0 0 0 0 0 0 0 0 0 0 0 0 0 0 0 0 0 0 0 0 0 0 0 0 0 0 0 

0 0.0617874 0.120201 0.172172 0.215201 0.247556 0.268375 0.277676 0.574467 0.204333 0.493343 0.204333 0.574467 0.277676 0.636255 0.324535 0.665515 0.334485 0.655565 0.305224 0.608707 0.243437 0.535364 0.162313 0.450314 0.0769786 0.367879 0 0 0 0 0 0 0 0 0 0 0 0 0 0 0 0 0 0 0 0 0 0 0 0 0 0 0 0 0 0 0 0 0 0 0 0 0 0 0 0 0 0 0 0 0 0 0 0 0 0 0 0 0 0 0 0 0 0 0 0 0 0 0 0 0 0 0 0 0 0 0 0 0 

0 0.0292604 0.0568084 0.0810976 0.100891 0.115364 0.124154 0.127355 0.125463 0.119283 0.408009 0.119283 0.493343 0.204333 0.574467 0.277676 0.636255 0.324535 0.665515 0.334485 0.655565 0.305224 0.608707 0.243437 0.535364 0.162313 0.450314 0.0769786 0.367879 0 0 0 0 0 0 0 0 0 0 0 0 0 0 0 0 0 0 0 0 0 0 0 0 0 0 0 0 0 0 0 0 0 0 0 0 0 0 0 0 0 0 0 0 0 0 0 0 0 0 0 0 0 0 0 0 0 0 0 0 0 0 0 0 0 0 0 0 0 0 0 

0 -0.00995017 -0.0193102 -0.027548 -0.0342394 -0.0391036 -0.0420208 -0.0430291 -0.0423049 -0.0401295 -0.0368491 0.0368491 0.408009 0.119283 0.493343 0.204333 0.574467 0.277676 0.636255 0.324535 0.665515 0.334485 0.655565 0.305224 0.608707 0.243437 0.535364 0.162313 0.450314 0.0769786 0.367879 0 0 0 0 0 0 0 0 0 0 0 0 0 0 0 0 0 0 0 0 0 0 0 0 0 0 0 0 0 0 0 0 0 0 0 0 0 0 0 0 0 0 0 0 0 0 0 0 0 0 0 0 0 0 0 0 0 0 0 0 0 0 0 0 0 0 0 0 0 

0 -0.0468583 -0.0910478 -0.130151 -0.162222 -0.185941 -0.200698 -0.206588 -0.204333 -0.195146 -0.180553 -0.109812 -0.0368491 0.0368491 0.408009 0.119283 0.493343 0.204333 0.574467 0.277676 0.636255 0.324535 0.665515 0.334485 0.655565 0.305224 0.608707 0.243437 0.535364 0.162313 0.450314 0.0769786 0.367879 0 0 0 0 0 0 0 0 0 0 0 0 0 0 0 0 0 0 0 0 0 0 0 0 0 0 0 0 0 0 0 0 0 0 0 0 0 0 0 0 0 0 0 0 0 0 0 0 0 0 0 0 0 0 0 0 0 0 0 0 0 0 0 0 0 0 0 

0 -0.073343 -0.142912 -0.205251 -0.257506 -0.297636 -0.324535 -0.338057 -0.338946 -0.328678 -0.309264 -0.247554 -0.180553 -0.109812 -0.0368491 0.0368491 0.408009 0.119283 0.493343 0.204333 0.574467 0.277676 0.636255 0.324535 0.665515 0.334485 0.655565 0.305224 0.608707 0.243437 0.535364 0.162313 0.450314 0.0769786 0.367879 0 0 0 0 0 0 0 0 0 0 0 0 0 0 0 0 0 0 0 0 0 0 0 0 0 0 0 0 0 0 0 0 0 0 0 0 0 0 0 0 0 0 0 0 0 0 0 0 0 0 0 0 0 0 0 0 0 0 0 0 0 0 0 0 0 

0 -0.0850499 -0.166458 -0.240827 -0.305224 -0.357368 -0.395754 -0.419726 -0.429465 -0.425925 -0.410702 -0.364138 -0.309264 -0.247554 -0.180553 -0.109812 -0.0368491 0.0368491 0.408009 0.119283 0.493343 0.204333 0.574467 0.277676 0.636255 0.324535 0.665515 0.334485 0.655565 0.305224 0.608707 0.243437 0.535364 0.162313 0.450314 0.0769786 0.367879 0 0 0 0 0 0 0 0 0 0 0 0 0 0 0 0 0 0 0 0 0 0 0 0 0 0 0 0 0 0 0 0 0 0 0 0 0 0 0 0 0 0 0 0 0 0 0 0 0 0 0 0 0 0 0 0 0 0 0 0 0 0 0 

0 -0.0824344 -0.162313 -0.237166 -0.304707 -0.362918 -0.410155 -0.445235 -0.46751 -0.476914 -0.473972 -0.447653 -0.410702 -0.364138 -0.309264 -0.247554 -0.180553 -0.109812 -0.0368491 0.0368491 0.408009 0.119283 0.493343 0.204333 0.574467 0.277676 0.636255 0.324535 0.665515 0.334485 0.655565 0.305224 0.608707 0.243437 0.535364 0.162313 0.450314 0.0769786 0.367879 0 0 0 0 0 0 0 0 0 0 0 0 0 0 0 0 0 0 0 0 0 0 0 0 0 0 0 0 0 0 0 0 0 0 0 0 0 0 0 0 0 0 0 0 0 0 0 0 0 0 0 0 0 0 0 0 0 0 0 0 0 

0 -0.0696822 -0.138248 -0.204525 -0.267243 -0.325034 -0.376462 -0.420105 -0.454662 -0.479076 -0.492658 -0.489026 -0.473972 -0.447653 -0.410702 -0.364138 -0.309264 -0.247554 -0.180553 -0.109812 -0.0368491 0.0368491 0.408009 0.119283 0.493343 0.204333 0.574467 0.277676 0.636255 0.324535 0.665515 0.334485 0.655565 0.305224 0.608707 0.243437 0.535364 0.162313 0.450314 0.0769786 0.367879 0 0 0 0 0 0 0 0 0 0 0 0 0 0 0 0 0 0 0 0 0 0 0 0 0 0 0 0 0 0 0 0 0 0 0 0 0 0 0 0 0 0 0 0 0 0 0 0 0 0 0 0 0 0 0 0 0 0 0 

0 -0.0524082 -0.104931 -0.15755 -0.210004 -0.261712 -0.31175 -0.358874 -0.401611 -0.438378 -0.467646 -0.485236 -0.492658 -0.489026 -0.473972 -0.447653 -0.410702 -0.364138 -0.309264 -0.247554 -0.180553 -0.109812 -0.0368491 0.0368491 0.408009 0.119283 0.493343 0.204333 0.574467 0.277676 0.636255 0.324535 0.665515 0.334485 0.655565 0.305224 0.608707 0.243437 0.535364 0.162313 0.450314 0.0769786 0.367879 0 0 0 0 0 0 0 0 0 0 0 0 0 0 0 0 0 0 0 0 0 0 0 0 0 0 0 0 0 0 0 0 0 0 0 0 0 0 0 0 0 0 0 0 0 0 0 0 0 0 0 0 0 0 0 0 0 

0 -0.0354592 -0.0717556 -0.109596 -0.149437 -0.19139 -0.235152 -0.279985 -0.324734 -0.3679 -0.407749 -0.441243 -0.467646 -0.485236 -0.492658 -0.489026 -0.473972 -0.447653 -0.410702 -0.364138 -0.309264 -0.247554 -0.180553 -0.109812 -0.0368491 0.0368491 0.408009 0.119283 0.493343 0.204333 0.574467 0.277676 0.636255 0.324535 0.665515 0.334485 0.655565 0.305224 0.608707 0.243437 0.535364 0.162313 0.450314 0.0769786 0.367879 0 0 0 0 0 0 0 0 0 0 0 0 0 0 0 0 0 0 0 0 0 0 0 0 0 0 0 0 0 0 0 0 0 0 0 0 0 0 0 0 0 0 0 0 0 0 0 0 0 0 0 0 0 0 0 

0 -0.0217285 -0.0445068 -0.0692998 -0.0969041 -0.127868 -0.162422 -0.200416 -0.241291 -0.284071 -0.327396 -0.369121 -0.407749 -0.441243 -0.467646 -0.485236 -0.492658 -0.489026 -0.473972 -0.447653 -0.410702 -0.364138 -0.309264 -0.247554 -0.180553 -0.109812 -0.0368491 0.0368491 0.408009 0.119283 0.493343 0.204333 0.574467 0.277676 0.636255 0.324535 0.665515 0.334485 0.655565 0.305224 0.608707 0.243437 0.535364 0.162313 0.450314 0.0769786 0.367879 0 0 0 0 0 0 0 0 0 0 0 0 0 0 0 0 0 0 0 0 0 0 0 0 0 0 0 0 0 0 0 0 0 0 0 0 0 0 0 0 0 0 0 0 0 0 0 0 0 0 0 0 0 

0 -0.012112 -0.0251485 -0.040001 -0.0574911 -0.0783255 -0.103043 -0.131954 -0.165084 -0.202113 -0.242351 -0.284548 -0.327396 -0.369121 -0.407749 -0.441243 -0.467646 -0.485236 -0.492658 -0.489026 -0.473972 -0.447653 -0.410702 -0.364138 -0.309264 -0.247554 -0.180553 -0.109812 -0.0368491 0.0368491 0.408009 0.119283 0.493343 0.204333 0.574467 0.277676 0.636255 0.324535 0.665515 0.334485 0.655565 0.305224 0.608707 0.243437 0.535364 0.162313 0.450314 0.0769786 0.367879 0 0 0 0 0 0 0 0 0 0 0 0 0 0 0 0 0 0 0 0 0 0 0 0 0 0 0 0 0 0 0 0 0 0 0 0 0 0 0 0 0 0 0 0 0 0 0 0 0 0 0 

0 -0.00616046 -0.0129843 -0.0211378 -0.0312873 -0.044087 -0.060153 -0.0800231 -0.104103 -0.132602 -0.165472 -0.202285 -0.242351 -0.284548 -0.327396 -0.369121 -0.407749 -0.441243 -0.467646 -0.485236 -0.492658 -0.489026 -0.473972 -0.447653 -0.410702 -0.364138 -0.309264 -0.247554 -0.180553 -0.109812 -0.0368491 0.0368491 0.408009 0.119283 0.493343 0.204333 0.574467 0.277676 0.636255 0.324535 0.665515 0.334485 0.655565 0.305224 0.608707 0.243437 0.535364 0.162313 0.450314 0.0769786 0.367879 0 0 0 0 0 0 0 0 0 0 0 0 0 0 0 0 0 0 0 0 0 0 0 0 0 0 0 0 0 0 0 0 0 0 0 0 0 0 0 0 0 0 0 0 0 0 0 0 0 

0 -0.00286529 -0.00613877 -0.0102464 -0.0156462 -0.0228354 -0.0323472 -0.0447349 -0.0605409 -0.0802505 -0.104233 -0.132659 -0.165472 -0.202285 -0.242351 -0.284548 -0.327396 -0.369121 -0.407749 -0.441243 -0.467646 -0.485236 -0.492658 -0.489026 -0.473972 -0.447653 -0.410702 -0.364138 -0.309264 -0.247554 -0.180553 -0.109812 -0.0368491 0.0368491 0.408009 0.119283 0.493343 0.204333 0.574467 0.277676 0.636255 0.324535 0.665515 0.334485 0.655565 0.305224 0.608707 0.243437 0.535364 0.162313 0.450314 0.0769786 0.367879 0 0 0 0 0 0 0 0 0 0 0 0 0 0 0 0 0 0 0 0 0 0 0 0 0 0 0 0 0 0 0 0 0 0 0 0 0 0 0 0 0 0 0 0 0 0 0 

0 -0.00122066 -0.00266187 -0.00456285 -0.00719866 -0.0108944 -0.0160341 -0.0230628 -0.0324777 -0.0448084 -0.0605813 -0.0802675 -0.104233 -0.132659 -0.165472 -0.202285 -0.242351 -0.284548 -0.327396 -0.369121 -0.407749 -0.441243 -0.467646 -0.485236 -0.492658 -0.489026 -0.473972 -0.447653 -0.410702 -0.364138 -0.309264 -0.247554 -0.180553 -0.109812 -0.0368491 0.0368491 0.408009 0.119283 0.493343 0.204333 0.574467 0.277676 0.636255 0.324535 0.665515 0.334485 0.655565 0.305224 0.608707 0.243437 0.535364 0.162313 0.450314 0.0769786 0.367879 0 0 0 0 0 0 0 0 0 0 0 0 0 0 0 0 0 0 0 0 0 0 0 0 0 0 0 0 0 0 0 0 0 0 0 0 0 0 0 0 0 0 0 0 0 

0 -0.000476901 -0.00105988 -0.0018686 -0.00304975 -0.00479025 -0.00732922 -0.0109678 -0.0160745 -0.0230846 -0.0324893 -0.0448131 -0.0605813 -0.0802675 -0.104233 -0.132659 -0.165472 -0.202285 -0.242351 -0.284548 -0.327396 -0.369121 -0.407749 -0.441243 -0.467646 -0.485236 -0.492658 -0.489026 -0.473972 -0.447653 -0.410702 -0.364138 -0.309264 -0.247554 -0.180553 -0.109812 -0.0368491 0.0368491 0.408009 0.119283 0.493343 0.204333 0.574467 0.277676 0.636255 0.324535 0.665515 0.334485 0.655565 0.305224 0.608707 0.243437 0.535364 0.162313 0.450314 0.0769786 0.367879 0 0 0 0 0 0 0 0 0 0 0 0 0 0 0 0 0 0 0 0 0 0 0 0 0 0 0 0 0 0 0 0 0 0 0 0 0 0 0 0 0 0 0 

0 -0.000171039 -0.000387879 -0.000704295 -0.00119045 -0.00194202 -0.0030902 -0.00481207 -0.00734076 -0.0109738 -0.0160776 -0.0230858 -0.0324893 -0.0448131 -0.0605813 -0.0802675 -0.104233 -0.132659 -0.165472 -0.202285 -0.242351 -0.284548 -0.327396 -0.369121 -0.407749 -0.441243 -0.467646 -0.485236 -0.492658 -0.489026 -0.473972 -0.447653 -0.410702 -0.364138 -0.309264 -0.247554 -0.180553 -0.109812 -0.0368491 0.0368491 0.408009 0.119283 0.493343 0.204333 0.574467 0.277676 0.636255 0.324535 0.665515 0.334485 0.655565 0.305224 0.608707 0.243437 0.535364 0.162313 0.450314 0.0769786 0.367879 0 0 0 0 0 0 0 0 0 0 0 0 0 0 0 0 0 0 0 0 0 0 0 0 0 0 0 0 0 0 0 0 0 0 0 0 0 0 0 0 0 

0 -5.6355e-005 -0.000130562 -0.000244463 -0.000428325 -0.000726119 -0.00120198 -0.001948 -0.00309323 -0.00481358 -0.00734149 -0.010974 -0.0160776 -0.0230858 -0.0324893 -0.0448131 -0.0605813 -0.0802675 -0.104233 -0.132659 -0.165472 -0.202285 -0.242351 -0.284548 -0.327396 -0.369121 -0.407749 -0.441243 -0.467646 -0.485236 -0.492658 -0.489026 -0.473972 -0.447653 -0.410702 -0.364138 -0.309264 -0.247554 -0.180553 -0.109812 -0.0368491 0.0368491 0.408009 0.119283 0.493343 0.204333 0.574467 0.277676 0.636255 0.324535 0.665515 0.334485 0.655565 0.305224 0.608707 0.243437 0.535364 0.162313 0.450314 0.0769786 0.367879 0 0 0 0 0 0 0 0 0 0 0 0 0 0 0 0 0 0 0 0 0 0 0 0 0 0 0 0 0 0 0 0 0 0 0 0 0 0 0 

0 -1.70691e-005 -4.04456e-005 -7.81791e-005 -0.000142098 -0.000250437 -0.000431355 -0.000727626 -0.00120272 -0.00194835 -0.00309339 -0.00481364 -0.00734149 -0.010974 -0.0160776 -0.0230858 -0.0324893 -0.0448131 -0.0605813 -0.0802675 -0.104233 -0.132659 -0.165472 -0.202285 -0.242351 -0.284548 -0.327396 -0.369121 -0.407749 -0.441243 -0.467646 -0.485236 -0.492658 -0.489026 -0.473972 -0.447653 -0.410702 -0.364138 -0.309264 -0.247554 -0.180553 -0.109812 -0.0368491 0.0368491 0.408009 0.119283 0.493343 0.204333 0.574467 0.277676 0.636255 0.324535 0.665515 0.334485 0.655565 0.305224 0.608707 0.243437 0.535364 0.162313 0.450314 0.0769786 0.367879 0 0 0 0 0 0 0 0 0 0 0 0 0 0 0 0 0 0 0 0 0 0 0 0 0 0 0 0 0 0 0 0 0 0 0 0 0 

0 -4.75505e-006 -1.15361e-005 -2.3043e-005 -4.34763e-005 -7.96856e-005 -0.000142832 -0.000250787 -0.000431519 -0.000727701 -0.00120275 -0.00194836 -0.00309339 -0.00481364 -0.00734149 -0.010974 -0.0160776 -0.0230858 -0.0324893 -0.0448131 -0.0605813 -0.0802675 -0.104233 -0.132659 -0.165472 -0.202285 -0.242351 -0.284548 -0.327396 -0.369121 -0.407749 -0.441243 -0.467646 -0.485236 -0.492658 -0.489026 -0.473972 -0.447653 -0.410702 -0.364138 -0.309264 -0.247554 -0.180553 -0.109812 -0.0368491 0.0368491 0.408009 0.119283 0.493343 0.204333 0.574467 0.277676 0.636255 0.324535 0.665515 0.334485 0.655565 0.305224 0.608707 0.243437 0.535364 0.162313 0.450314 0.0769786 0.367879 0 0 0 0 0 0 0 0 0 0 0 0 0 0 0 0 0 0 0 0 0 0 0 0 0 0 0 0 0 0 0 0 0 0 0 

0 -1.21885e-006 -3.03073e-006 -6.26147e-006 -1.22697e-005 -2.3393e-005 -4.36399e-005 -7.97605e-005 -0.000142865 -0.000250802 -0.000431525 -0.000727703 -0.00120275 -0.00194836 -0.00309339 -0.00481364 -0.00734149 -0.010974 -0.0160776 -0.0230858 -0.0324893 -0.0448131 -0.0605813 -0.0802675 -0.104233 -0.132659 -0.165472 -0.202285 -0.242351 -0.284548 -0.327396 -0.369121 -0.407749 -0.441243 -0.467646 -0.485236 -0.492658 -0.489026 -0.473972 -0.447653 -0.410702 -0.364138 -0.309264 -0.247554 -0.180553 -0.109812 -0.0368491 0.0368491 0.408009 0.119283 0.493343 0.204333 0.574467 0.277676 0.636255 0.324535 0.665515 0.334485 0.655565 0.305224 0.608707 0.243437 0.535364 0.162313 0.450314 0.0769786 0.367879 0 0 0 0 0 0 0 0 0 0 0 0 0 0 0 0 0 0 0 0 0 0 0 0 0 0 0 0 0 0 0 0 0 

0 -2.87575e-007 -7.33617e-007 -1.5689e-006 -3.19439e-006 -6.33644e-006 -1.23034e-005 -2.34079e-005 -4.36463e-005 -7.97632e-005 -0.000142867 -0.000250802 -0.000431525 -0.000727703 -0.00120275 -0.00194836 -0.00309339 -0.00481364 -0.00734149 -0.010974 -0.0160776 -0.0230858 -0.0324893 -0.0448131 -0.0605813 -0.0802675 -0.104233 -0.132659 -0.165472 -0.202285 -0.242351 -0.284548 -0.327396 -0.369121 -0.407749 -0.441243 -0.467646 -0.485236 -0.492658 -0.489026 -0.473972 -0.447653 -0.410702 -0.364138 -0.309264 -0.247554 -0.180553 -0.109812 -0.0368491 0.0368491 0.408009 0.119283 0.493343 0.204333 0.574467 0.277676 0.636255 0.324535 0.665515 0.334485 0.655565 0.305224 0.608707 0.243437 0.535364 0.162313 0.450314 0.0769786 0.367879 0 0 0 0 0 0 0 0 0 0 0 0 0 0 0 0 0 0 0 0 0 0 0 0 0 0 0 0 0 0 0 

0 -6.2473e-008 -1.63657e-007 -3.62547e-007 -7.67271e-007 -1.5837e-006 -3.20077e-006 -6.33914e-006 -1.23045e-005 -2.34083e-005 -4.36465e-005 -7.97633e-005 -0.000142867 -0.000250802 -0.000431525 -0.000727703 -0.00120275 -0.00194836 -0.00309339 -0.00481364 -0.00734149 -0.010974 -0.0160776 -0.0230858 -0.0324893 -0.0448131 -0.0605813 -0.0802675 -0.104233 -0.132659 -0.165472 -0.202285 -0.242351 -0.284548 -0.327396 -0.369121 -0.407749 -0.441243 -0.467646 -0.485236 -0.492658 -0.489026 -0.473972 -0.447653 -0.410702 -0.364138 -0.309264 -0.247554 -0.180553 -0.109812 -0.0368491 0.0368491 0.408009 0.119283 0.493343 0.204333 0.574467 0.277676 0.636255 0.324535 0.665515 0.334485 0.655565 0.305224 0.608707 0.243437 0.535364 0.162313 0.450314 0.0769786 0.367879 0 0 0 0 0 0 0 0 0 0 0 0 0 0 0 0 0 0 0 0 0 0 0 0 0 0 0 0 0 

0 -1.24993e-008 -3.3654e-008 -7.7276e-008 -1.70037e-007 -3.65242e-007 -7.68386e-007 -1.58415e-006 -3.20095e-006 -6.33921e-006 -1.23045e-005 -2.34083e-005 -4.36465e-005 -7.97633e-005 -0.000142867 -0.000250802 -0.000431525 -0.000727703 -0.00120275 -0.00194836 -0.00309339 -0.00481364 -0.00734149 -0.010974 -0.0160776 -0.0230858 -0.0324893 -0.0448131 -0.0605813 -0.0802675 -0.104233 -0.132659 -0.165472 -0.202285 -0.242351 -0.284548 -0.327396 -0.369121 -0.407749 -0.441243 -0.467646 -0.485236 -0.492658 -0.489026 -0.473972 -0.447653 -0.410702 -0.364138 -0.309264 -0.247554 -0.180553 -0.109812 -0.0368491 0.0368491 0.408009 0.119283 0.493343 0.204333 0.574467 0.277676 0.636255 0.324535 0.665515 0.334485 0.655565 0.305224 0.608707 0.243437 0.535364 0.162313 0.450314 0.0769786 0.367879 0 0 0 0 0 0 0 0 0 0 0 0 0 0 0 0 0 0 0 0 0 0 0 0 0 0 0 

0 -2.30371e-009 -6.38043e-009 -1.51942e-008 -3.47694e-008 -7.77284e-008 -1.70217e-007 -3.65312e-007 -7.68413e-007 -1.58416e-006 -3.20096e-006 -6.33921e-006 -1.23045e-005 -2.34083e-005 -4.36465e-005 -7.97633e-005 -0.000142867 -0.000250802 -0.000431525 -0.000727703 -0.00120275 -0.00194836 -0.00309339 -0.00481364 -0.00734149 -0.010974 -0.0160776 -0.0230858 -0.0324893 -0.0448131 -0.0605813 -0.0802675 -0.104233 -0.132659 -0.165472 -0.202285 -0.242351 -0.284548 -0.327396 -0.369121 -0.407749 -0.441243 -0.467646 -0.485236 -0.492658 -0.489026 -0.473972 -0.447653 -0.410702 -0.364138 -0.309264 -0.247554 -0.180553 -0.109812 -0.0368491 0.0368491 0.408009 0.119283 0.493343 0.204333 0.574467 0.277676 0.636255 0.324535 0.665515 0.334485 0.655565 0.305224 0.608707 0.243437 0.535364 0.162313 0.450314 0.0769786 0.367879 0 0 0 0 0 0 0 0 0 0 0 0 0 0 0 0 0 0 0 0 0 0 0 0 0 

0 -3.91205e-010 -1.11543e-009 -2.75613e-009 -6.56026e-009 -1.52643e-008 -3.47961e-008 -7.77384e-008 -1.70221e-007 -3.65314e-007 -7.68413e-007 -1.58416e-006 -3.20096e-006 -6.33921e-006 -1.23045e-005 -2.34083e-005 -4.36465e-005 -7.97633e-005 -0.000142867 -0.000250802 -0.000431525 -0.000727703 -0.00120275 -0.00194836 -0.00309339 -0.00481364 -0.00734149 -0.010974 -0.0160776 -0.0230858 -0.0324893 -0.0448131 -0.0605813 -0.0802675 -0.104233 -0.132659 -0.165472 -0.202285 -0.242351 -0.284548 -0.327396 -0.369121 -0.407749 -0.441243 -0.467646 -0.485236 -0.492658 -0.489026 -0.473972 -0.447653 -0.410702 -0.364138 -0.309264 -0.247554 -0.180553 -0.109812 -0.0368491 0.0368491 0.408009 0.119283 0.493343 0.204333 0.574467 0.277676 0.636255 0.324535 0.665515 0.334485 0.655565 0.305224 0.608707 0.243437 0.535364 0.162313 0.450314 0.0769786 0.367879 0 0 0 0 0 0 0 0 0 0 0 0 0 0 0 0 0 0 0 0 0 0 0 

0 -6.12193e-011 -1.79831e-010 -4.61254e-010 -1.14217e-009 -2.76614e-009 -6.56393e-009 -1.52656e-008 -3.47966e-008 -7.77386e-008 -1.70221e-007 -3.65314e-007 -7.68413e-007 -1.58416e-006 -3.20096e-006 -6.33921e-006 -1.23045e-005 -2.34083e-005 -4.36465e-005 -7.97633e-005 -0.000142867 -0.000250802 -0.000431525 -0.000727703 -0.00120275 -0.00194836 -0.00309339 -0.00481364 -0.00734149 -0.010974 -0.0160776 -0.0230858 -0.0324893 -0.0448131 -0.0605813 -0.0802675 -0.104233 -0.132659 -0.165472 -0.202285 -0.242351 -0.284548 -0.327396 -0.369121 -0.407749 -0.441243 -0.467646 -0.485236 -0.492658 -0.489026 -0.473972 -0.447653 -0.410702 -0.364138 -0.309264 -0.247554 -0.180553 -0.109812 -0.0368491 0.0368491 0.408009 0.119283 0.493343 0.204333 0.574467 0.277676 0.636255 0.324535 0.665515 0.334485 0.655565 0.305224 0.608707 0.243437 0.535364 0.162313 0.450314 0.0769786 0.367879 0 0 0 0 0 0 0 0 0 0 0 0 0 0 0 0 0 0 0 0 0 

0 -8.82969e-012 -2.67402e-011 -7.12229e-011 -1.83498e-010 -4.62572e-010 -1.14263e-009 -2.7663e-009 -6.56399e-009 -1.52656e-008 -3.47966e-008 -7.77386e-008 -1.70221e-007 -3.65314e-007 -7.68413e-007 -1.58416e-006 -3.20096e-006 -6.33921e-006 -1.23045e-005 -2.34083e-005 -4.36465e-005 -7.97633e-005 -0.000142867 -0.000250802 -0.000431525 -0.000727703 -0.00120275 -0.00194836 -0.00309339 -0.00481364 -0.00734149 -0.010974 -0.0160776 -0.0230858 -0.0324893 -0.0448131 -0.0605813 -0.0802675 -0.104233 -0.132659 -0.165472 -0.202285 -0.242351 -0.284548 -0.327396 -0.369121 -0.407749 -0.441243 -0.467646 -0.485236 -0.492658 -0.489026 -0.473972 -0.447653 -0.410702 -0.364138 -0.309264 -0.247554 -0.180553 -0.109812 -0.0368491 0.0368491 0.408009 0.119283 0.493343 0.204333 0.574467 0.277676 0.636255 0.324535 0.665515 0.334485 0.655565 0.305224 0.608707 0.243437 0.535364 0.162313 0.450314 0.0769786 0.367879 0 0 0 0 0 0 0 0 0 0 0 0 0 0 0 0 0 0 0 

0 -1.1739e-012 -3.66759e-012 -1.01475e-011 -2.72042e-011 -7.13831e-011 -1.83553e-010 -4.6259e-010 -1.14264e-009 -2.7663e-009 -6.56399e-009 -1.52656e-008 -3.47966e-008 -7.77386e-008 -1.70221e-007 -3.65314e-007 -7.68413e-007 -1.58416e-006 -3.20096e-006 -6.33921e-006 -1.23045e-005 -2.34083e-005 -4.36465e-005 -7.97633e-005 -0.000142867 -0.000250802 -0.000431525 -0.000727703 -0.00120275 -0.00194836 -0.00309339 -0.00481364 -0.00734149 -0.010974 -0.0160776 -0.0230858 -0.0324893 -0.0448131 -0.0605813 -0.0802675 -0.104233 -0.132659 -0.165472 -0.202285 -0.242351 -0.284548 -0.327396 -0.369121 -0.407749 -0.441243 -0.467646 -0.485236 -0.492658 -0.489026 -0.473972 -0.447653 -0.410702 -0.364138 -0.309264 -0.247554 -0.180553 -0.109812 -0.0368491 0.0368491 0.408009 0.119283 0.493343 0.204333 0.574467 0.277676 0.636255 0.324535 0.665515 0.334485 0.655565 0.305224 0.608707 0.243437 0.535364 0.162313 0.450314 0.0769786 0.367879 0 0 0 0 0 0 0 0 0 0 0 0 0 0 0 0 0 

0 -1.4388e-013 -4.64032e-013 -1.33404e-012 -3.72175e-012 -1.01654e-011 -2.72101e-011 -7.13849e-011 -1.83553e-010 -4.6259e-010 -1.14264e-009 -2.7663e-009 -6.56399e-009 -1.52656e-008 -3.47966e-008 -7.77386e-008 -1.70221e-007 -3.65314e-007 -7.68413e-007 -1.58416e-006 -3.20096e-006 -6.33921e-006 -1.23045e-005 -2.34083e-005 -4.36465e-005 -7.97633e-005 -0.000142867 -0.000250802 -0.000431525 -0.000727703 -0.00120275 -0.00194836 -0.00309339 -0.00481364 -0.00734149 -0.010974 -0.0160776 -0.0230858 -0.0324893 -0.0448131 -0.0605813 -0.0802675 -0.104233 -0.132659 -0.165472 -0.202285 -0.242351 -0.284548 -0.327396 -0.369121 -0.407749 -0.441243 -0.467646 -0.485236 -0.492658 -0.489026 -0.473972 -0.447653 -0.410702 -0.364138 -0.309264 -0.247554 -0.180553 -0.109812 -0.0368491 0.0368491 0.408009 0.119283 0.493343 0.204333 0.574467 0.277676 0.636255 0.324535 0.665515 0.334485 0.655565 0.305224 0.608707 0.243437 0.535364 0.162313 0.450314 0.0769786 0.367879 0 0 0 0 0 0 0 0 0 0 0 0 0 0 0 

0 -1.62589e-014 -5.41617e-014 -1.61833e-013 -4.69864e-013 -1.3359e-012 -3.72233e-012 -1.01656e-011 -2.72101e-011 -7.13849e-011 -1.83553e-010 -4.6259e-010 -1.14264e-009 -2.7663e-009 -6.56399e-009 -1.52656e-008 -3.47966e-008 -7.77386e-008 -1.70221e-007 -3.65314e-007 -7.68413e-007 -1.58416e-006 -3.20096e-006 -6.33921e-006 -1.23045e-005 -2.34083e-005 -4.36465e-005 -7.97633e-005 -0.000142867 -0.000250802 -0.000431525 -0.000727703 -0.00120275 -0.00194836 -0.00309339 -0.00481364 -0.00734149 -0.010974 -0.0160776 -0.0230858 -0.0324893 -0.0448131 -0.0605813 -0.0802675 -0.104233 -0.132659 -0.165472 -0.202285 -0.242351 -0.284548 -0.327396 -0.369121 -0.407749 -0.441243 -0.467646 -0.485236 -0.492658 -0.489026 -0.473972 -0.447653 -0.410702 -0.364138 -0.309264 -0.247554 -0.180553 -0.109812 -0.0368491 0.0368491 0.408009 0.119283 0.493343 0.204333 0.574467 0.277676 0.636255 0.324535 0.665515 0.334485 0.655565 0.305224 0.608707 0.243437 0.535364 0.162313 0.450314 0.0769786 0.367879 0 0 0 0 0 0 0 0 0 0 0 0 0 

0 -1.69415e-015 -5.8323e-015 -1.81159e-014 -5.47411e-014 -1.6201e-013 -4.69917e-013 -1.33591e-012 -3.72234e-012 -1.01656e-011 -2.72101e-011 -7.13849e-011 -1.83553e-010 -4.6259e-010 -1.14264e-009 -2.7663e-009 -6.56399e-009 -1.52656e-008 -3.47966e-008 -7.77386e-008 -1.70221e-007 -3.65314e-007 -7.68413e-007 -1.58416e-006 -3.20096e-006 -6.33921e-006 -1.23045e-005 -2.34083e-005 -4.36465e-005 -7.97633e-005 -0.000142867 -0.000250802 -0.000431525 -0.000727703 -0.00120275 -0.00194836 -0.00309339 -0.00481364 -0.00734149 -0.010974 -0.0160776 -0.0230858 -0.0324893 -0.0448131 -0.0605813 -0.0802675 -0.104233 -0.132659 -0.165472 -0.202285 -0.242351 -0.284548 -0.327396 -0.369121 -0.407749 -0.441243 -0.467646 -0.485236 -0.492658 -0.489026 -0.473972 -0.447653 -0.410702 -0.364138 -0.309264 -0.247554 -0.180553 -0.109812 -0.0368491 0.0368491 0.408009 0.119283 0.493343 0.204333 0.574467 0.277676 0.636255 0.324535 0.665515 0.334485 0.655565 0.305224 0.608707 0.243437 0.535364 0.162313 0.450314 0.0769786 0.367879 0 0 0 0 0 0 0 0 0 0 0 

0 -1.62785e-016 -5.79444e-016 -1.87136e-015 -5.88542e-015 -1.81315e-014 -5.47456e-014 -1.62011e-013 -4.69917e-013 -1.33591e-012 -3.72234e-012 -1.01656e-011 -2.72101e-011 -7.13849e-011 -1.83553e-010 -4.6259e-010 -1.14264e-009 -2.7663e-009 -6.56399e-009 -1.52656e-008 -3.47966e-008 -7.77386e-008 -1.70221e-007 -3.65314e-007 -7.68413e-007 -1.58416e-006 -3.20096e-006 -6.33921e-006 -1.23045e-005 -2.34083e-005 -4.36465e-005 -7.97633e-005 -0.000142867 -0.000250802 -0.000431525 -0.000727703 -0.00120275 -0.00194836 -0.00309339 -0.00481364 -0.00734149 -0.010974 -0.0160776 -0.0230858 -0.0324893 -0.0448131 -0.0605813 -0.0802675 -0.104233 -0.132659 -0.165472 -0.202285 -0.242351 -0.284548 -0.327396 -0.369121 -0.407749 -0.441243 -0.467646 -0.485236 -0.492658 -0.489026 -0.473972 -0.447653 -0.410702 -0.364138 -0.309264 -0.247554 -0.180553 -0.109812 -0.0368491 0.0368491 0.408009 0.119283 0.493343 0.204333 0.574467 0.277676 0.636255 0.324535 0.665515 0.334485 0.655565 0.305224 0.608707 0.243437 0.535364 0.162313 0.450314 0.0769786 0.367879 0 0 0 0 0 0 0 0 0 

0 -1.44248e-017 -5.3116e-017 -1.78388e-016 -5.83937e-016 -1.87263e-015 -5.88577e-015 -1.81316e-014 -5.47457e-014 -1.62011e-013 -4.69917e-013 -1.33591e-012 -3.72234e-012 -1.01656e-011 -2.72101e-011 -7.13849e-011 -1.83553e-010 -4.6259e-010 -1.14264e-009 -2.7663e-009 -6.56399e-009 -1.52656e-008 -3.47966e-008 -7.77386e-008 -1.70221e-007 -3.65314e-007 -7.68413e-007 -1.58416e-006 -3.20096e-006 -6.33921e-006 -1.23045e-005 -2.34083e-005 -4.36465e-005 -7.97633e-005 -0.000142867 -0.000250802 -0.000431525 -0.000727703 -0.00120275 -0.00194836 -0.00309339 -0.00481364 -0.00734149 -0.010974 -0.0160776 -0.0230858 -0.0324893 -0.0448131 -0.0605813 -0.0802675 -0.104233 -0.132659 -0.165472 -0.202285 -0.242351 -0.284548 -0.327396 -0.369121 -0.407749 -0.441243 -0.467646 -0.485236 -0.492658 -0.489026 -0.473972 -0.447653 -0.410702 -0.364138 -0.309264 -0.247554 -0.180553 -0.109812 -0.0368491 0.0368491 0.408009 0.119283 0.493343 0.204333 0.574467 0.277676 0.636255 0.324535 0.665515 0.334485 0.655565 0.305224 0.608707 0.243437 0.535364 0.162313 0.450314 0.0769786 0.367879 0 0 0 0 0 0 0 

0 -1.17889e-018 -4.4926e-018 -1.56926e-017 -5.34667e-017 -1.78484e-016 -5.83962e-016 -1.87263e-015 -5.88577e-015 -1.81316e-014 -5.47457e-014 -1.62011e-013 -4.69917e-013 -1.33591e-012 -3.72234e-012 -1.01656e-011 -2.72101e-011 -7.13849e-011 -1.83553e-010 -4.6259e-010 -1.14264e-009 -2.7663e-009 -6.56399e-009 -1.52656e-008 -3.47966e-008 -7.77386e-008 -1.70221e-007 -3.65314e-007 -7.68413e-007 -1.58416e-006 -3.20096e-006 -6.33921e-006 -1.23045e-005 -2.34083e-005 -4.36465e-005 -7.97633e-005 -0.000142867 -0.000250802 -0.000431525 -0.000727703 -0.00120275 -0.00194836 -0.00309339 -0.00481364 -0.00734149 -0.010974 -0.0160776 -0.0230858 -0.0324893 -0.0448131 -0.0605813 -0.0802675 -0.104233 -0.132659 -0.165472 -0.202285 -0.242351 -0.284548 -0.327396 -0.369121 -0.407749 -0.441243 -0.467646 -0.485236 -0.492658 -0.489026 -0.473972 -0.447653 -0.410702 -0.364138 -0.309264 -0.247554 -0.180553 -0.109812 -0.0368491 0.0368491 0.408009 0.119283 0.493343 0.204333 0.574467 0.277676 0.636255 0.324535 0.665515 0.334485 0.655565 0.305224 0.608707 0.243437 0.535364 0.162313 0.450314 0.0769786 0.367879 0 0 0 0 0 

0 -8.88645e-020 -3.50625e-019 -1.27393e-018 -4.51785e-018 -1.56992e-017 -5.34683e-017 -1.78484e-016 -5.83962e-016 -1.87263e-015 -5.88577e-015 -1.81316e-014 -5.47457e-014 -1.62011e-013 -4.69917e-013 -1.33591e-012 -3.72234e-012 -1.01656e-011 -2.72101e-011 -7.13849e-011 -1.83553e-010 -4.6259e-010 -1.14264e-009 -2.7663e-009 -6.56399e-009 -1.52656e-008 -3.47966e-008 -7.77386e-008 -1.70221e-007 -3.65314e-007 -7.68413e-007 -1.58416e-006 -3.20096e-006 -6.33921e-006 -1.23045e-005 -2.34083e-005 -4.36465e-005 -7.97633e-005 -0.000142867 -0.000250802 -0.000431525 -0.000727703 -0.00120275 -0.00194836 -0.00309339 -0.00481364 -0.00734149 -0.010974 -0.0160776 -0.0230858 -0.0324893 -0.0448131 -0.0605813 -0.0802675 -0.104233 -0.132659 -0.165472 -0.202285 -0.242351 -0.284548 -0.327396 -0.369121 -0.407749 -0.441243 -0.467646 -0.485236 -0.492658 -0.489026 -0.473972 -0.447653 -0.410702 -0.364138 -0.309264 -0.247554 -0.180553 -0.109812 -0.0368491 0.0368491 0.408009 0.119283 0.493343 0.204333 0.574467 0.277676 0.636255 0.324535 0.665515 0.334485 0.655565 0.305224 0.608707 0.243437 0.535364 0.162313 0.450314 0.0769786 0.367879 0 0 0 

0 -6.17874e-021 -2.52506e-020 -9.54395e-020 -3.52303e-019 -1.27435e-018 -4.51796e-018 -1.56992e-017 -5.34683e-017 -1.78484e-016 -5.83962e-016 -1.87263e-015 -5.88577e-015 -1.81316e-014 -5.47457e-014 -1.62011e-013 -4.69917e-013 -1.33591e-012 -3.72234e-012 -1.01656e-011 -2.72101e-011 -7.13849e-011 -1.83553e-010 -4.6259e-010 -1.14264e-009 -2.7663e-009 -6.56399e-009 -1.52656e-008 -3.47966e-008 -7.77386e-008 -1.70221e-007 -3.65314e-007 -7.68413e-007 -1.58416e-006 -3.20096e-006 -6.33921e-006 -1.23045e-005 -2.34083e-005 -4.36465e-005 -7.97633e-005 -0.000142867 -0.000250802 -0.000431525 -0.000727703 -0.00120275 -0.00194836 -0.00309339 -0.00481364 -0.00734149 -0.010974 -0.0160776 -0.0230858 -0.0324893 -0.0448131 -0.0605813 -0.0802675 -0.104233 -0.132659 -0.165472 -0.202285 -0.242351 -0.284548 -0.327396 -0.369121 -0.407749 -0.441243 -0.467646 -0.485236 -0.492658 -0.489026 -0.473972 -0.447653 -0.410702 -0.364138 -0.309264 -0.247554 -0.180553 -0.109812 -0.0368491 0.0368491 0.408009 0.119283 0.493343 0.204333 0.574467 0.277676 0.636255 0.324535 0.665515 0.334485 0.655565 0.305224 0.608707 0.243437 0.535364 0.162313 0.450314 0.0769786 0.367879 0 

0 -3.96287e-022 -1.67802e-021 -6.59848e-021 -2.53535e-020 -9.54642e-020 -3.52309e-019 -1.27436e-018 -4.51796e-018 -1.56992e-017 -5.34683e-017 -1.78484e-016 -5.83962e-016 -1.87263e-015 -5.88577e-015 -1.81316e-014 -5.47457e-014 -1.62011e-013 -4.69917e-013 -1.33591e-012 -3.72234e-012 -1.01656e-011 -2.72101e-011 -7.13849e-011 -1.83553e-010 -4.6259e-010 -1.14264e-009 -2.7663e-009 -6.56399e-009 -1.52656e-008 -3.47966e-008 -7.77386e-008 -1.70221e-007 -3.65314e-007 -7.68413e-007 -1.58416e-006 -3.20096e-006 -6.33921e-006 -1.23045e-005 -2.34083e-005 -4.36465e-005 -7.97633e-005 -0.000142867 -0.000250802 -0.000431525 -0.000727703 -0.00120275 -0.00194836 -0.00309339 -0.00481364 -0.00734149 -0.010974 -0.0160776 -0.0230858 -0.0324893 -0.0448131 -0.0605813 -0.0802675 -0.104233 -0.132659 -0.165472 -0.202285 -0.242351 -0.284548 -0.327396 -0.369121 -0.407749 -0.441243 -0.467646 -0.485236 -0.492658 -0.489026 -0.473972 -0.447653 -0.410702 -0.364138 -0.309264 -0.247554 -0.180553 -0.109812 -0.0368491 0.0368491 0.408009 0.119283 0.493343 0.204333 0.574467 0.277676 0.636255 0.324535 0.665515 0.334485 0.655565 0.305224 0.608707 0.243437 0.535364 0.162313 0.0824344 0 

0 -2.34466e-023 -1.02903e-022 -4.21014e-022 -1.68384e-021 -6.59982e-021 -2.53538e-020 -9.54643e-020 -3.52309e-019 -1.27436e-018 -4.51796e-018 -1.56992e-017 -5.34683e-017 -1.78484e-016 -5.83962e-016 -1.87263e-015 -5.88577e-015 -1.81316e-014 -5.47457e-014 -1.62011e-013 -4.69917e-013 -1.33591e-012 -3.72234e-012 -1.01656e-011 -2.72101e-011 -7.13849e-011 -1.83553e-010 -4.6259e-010 -1.14264e-009 -2.7663e-009 -6.56399e-009 -1.52656e-008 -3.47966e-008 -7.77386e-008 -1.70221e-007 -3.65314e-007 -7.68413e-007 -1.58416e-006 -3.20096e-006 -6.33921e-006 -1.23045e-005 -2.34083e-005 -4.36465e-005 -7.97633e-005 -0.000142867 -0.000250802 -0.000431525 -0.000727703 -0.00120275 -0.00194836 -0.00309339 -0.00481364 -0.00734149 -0.010974 -0.0160776 -0.0230858 -0.0324893 -0.0448131 -0.0605813 -0.0802675 -0.104233 -0.132659 -0.165472 -0.202285 -0.242351 -0.284548 -0.327396 -0.369121 -0.407749 -0.441243 -0.467646 -0.485236 -0.492658 -0.489026 -0.473972 -0.447653 -0.410702 -0.364138 -0.309264 -0.247554 -0.180553 -0.109812 -0.0368491 0.0368491 0.408009 0.119283 0.493343 0.204333 0.574467 0.277676 0.636255 0.324535 0.665515 0.334485 0.655565 0.305224 0.240827 0.166458 0.0850499 0 

0 -1.27975e-024 -5.8233e-024 -2.47908e-023 -1.03207e-022 -4.21081e-022 -1.68386e-021 -6.59982e-021 -2.53538e-020 -9.54643e-020 -3.52309e-019 -1.27436e-018 -4.51796e-018 -1.56992e-017 -5.34683e-017 -1.78484e-016 -5.83962e-016 -1.87263e-015 -5.88577e-015 -1.81316e-014 -5.47457e-014 -1.62011e-013 -4.69917e-013 -1.33591e-012 -3.72234e-012 -1.01656e-011 -2.72101e-011 -7.13849e-011 -1.83553e-010 -4.6259e-010 -1.14264e-009 -2.7663e-009 -6.56399e-009 -1.52656e-008 -3.47966e-008 -7.77386e-008 -1.70221e-007 -3.65314e-007 -7.68413e-007 -1.58416e-006 -3.20096e-006 -6.33921e-006 -1.23045e-005 -2.34083e-005 -4.36465e-005 -7.97633e-005 -0.000142867 -0.000250802 -0.000431525 -0.000727703 -0.00120275 -0.00194836 -0.00309339 -0.00481364 -0.00734149 -0.010974 -0.0160776 -0.0230858 -0.0324893 -0.0448131 -0.0605813 -0.0802675 -0.104233 -0.132659 -0.165472 -0.202285 -0.242351 -0.284548 -0.327396 -0.369121 -0.407749 -0.441243 -0.467646 -0.485236 -0.492658 -0.489026 -0.473972 -0.447653 -0.410702 -0.364138 -0.309264 -0.247554 -0.180553 -0.109812 -0.0368491 0.0368491 0.408009 0.119283 0.493343 0.204333 0.574467 0.277676 0.636255 0.324535 0.297636 0.257506 0.205251 0.142912 0.073343 0 

0 -6.44417e-026 -3.04112e-025 -1.34719e-024 -5.83796e-024 -2.47939e-023 -1.03208e-022 -4.21081e-022 -1.68386e-021 -6.59982e-021 -2.53538e-020 -9.54643e-020 -3.52309e-019 -1.27436e-018 -4.51796e-018 -1.56992e-017 -5.34683e-017 -1.78484e-016 -5.83962e-016 -1.87263e-015 -5.88577e-015 -1.81316e-014 -5.47457e-014 -1.62011e-013 -4.69917e-013 -1.33591e-012 -3.72234e-012 -1.01656e-011 -2.72101e-011 -7.13849e-011 -1.83553e-010 -4.6259e-010 -1.14264e-009 -2.7663e-009 -6.56399e-009 -1.52656e-008 -3.47966e-008 -7.77386e-008 -1.70221e-007 -3.65314e-007 -7.68413e-007 -1.58416e-006 -3.20096e-006 -6.33921e-006 -1.23045e-005 -2.34083e-005 -4.36465e-005 -7.97633e-005 -0.000142867 -0.000250802 -0.000431525 -0.000727703 -0.00120275 -0.00194836 -0.00309339 -0.00481364 -0.00734149 -0.010974 -0.0160776 -0.0230858 -0.0324893 -0.0448131 -0.0605813 -0.0802675 -0.104233 -0.132659 -0.165472 -0.202285 -0.242351 -0.284548 -0.327396 -0.369121 -0.407749 -0.441243 -0.467646 -0.485236 -0.492658 -0.489026 -0.473972 -0.447653 -0.410702 -0.364138 -0.309264 -0.247554 -0.180553 -0.109812 -0.0368491 0.0368491 0.408009 0.119283 0.493343 0.204333 0.206588 0.200698 0.185941 0.162222 0.130151 0.0910478 0.0468583 0 

0 -2.99391e-027 -1.46573e-026 -6.75639e-026 -3.04764e-025 -1.34732e-024 -5.83799e-024 -2.4794e-023 -1.03208e-022 -4.21081e-022 -1.68386e-021 -6.59982e-021 -2.53538e-020 -9.54643e-020 -3.52309e-019 -1.27436e-018 -4.51796e-018 -1.56992e-017 -5.34683e-017 -1.78484e-016 -5.83962e-016 -1.87263e-015 -5.88577e-015 -1.81316e-014 -5.47457e-014 -1.62011e-013 -4.69917e-013 -1.33591e-012 -3.72234e-012 -1.01656e-011 -2.72101e-011 -7.13849e-011 -1.83553e-010 -4.6259e-010 -1.14264e-009 -2.7663e-009 -6.56399e-009 -1.52656e-008 -3.47966e-008 -7.77386e-008 -1.70221e-007 -3.65314e-007 -7.68413e-007 -1.58416e-006 -3.20096e-006 -6.33921e-006 -1.23045e-005 -2.34083e-005 -4.36465e-005 -7.97633e-005 -0.000142867 -0.000250802 -0.000431525 -0.000727703 -0.00120275 -0.00194836 -0.00309339 -0.00481364 -0.00734149 -0.010974 -0.0160776 -0.0230858 -0.0324893 -0.0448131 -0.0605813 -0.0802675 -0.104233 -0.132659 -0.165472 -0.202285 -0.242351 -0.284548 -0.327396 -0.369121 -0.407749 -0.441243 -0.467646 -0.485236 -0.492658 -0.489026 -0.473972 -0.447653 -0.410702 -0.364138 -0.309264 -0.247554 -0.180553 -0.109812 -0.0368491 0.0368491 0.0401295 0.0423049 0.0430291 0.0420208 0.0391036 0.0342394 0.027548 0.0193102 0.00995017 0 

0 -1.28337e-028 -6.51869e-028 -3.12733e-027 -1.4684e-026 -6.75692e-026 -3.04765e-025 -1.34732e-024 -5.83799e-024 -2.4794e-023 -1.03208e-022 -4.21081e-022 -1.68386e-021 -6.59982e-021 -2.53538e-020 -9.54643e-020 -3.52309e-019 -1.27436e-018 -4.51796e-018 -1.56992e-017 -5.34683e-017 -1.78484e-016 -5.83962e-016 -1.87263e-015 -5.88577e-015 -1.81316e-014 -5.47457e-014 -1.62011e-013 -4.69917e-013 -1.33591e-012 -3.72234e-012 -1.01656e-011 -2.72101e-011 -7.13849e-011 -1.83553e-010 -4.6259e-010 -1.14264e-009 -2.7663e-009 -6.56399e-009 -1.52656e-008 -3.47966e-008 -7.77386e-008 -1.70221e-007 -3.65314e-007 -7.68413e-007 -1.58416e-006 -3.20096e-006 -6.33921e-006 -1.23045e-005 -2.34083e-005 -4.36465e-005 -7.97633e-005 -0.000142867 -0.000250802 -0.000431525 -0.000727703 -0.00120275 -0.00194836 -0.00309339 -0.00481364 -0.00734149 -0.010974 -0.0160776 -0.0230858 -0.0324893 -0.0448131 -0.0605813 -0.0802675 -0.104233 -0.132659 -0.165472 -0.202285 -0.242351 -0.284548 -0.327396 -0.369121 -0.407749 -0.441243 -0.467646 -0.485236 -0.492658 -0.489026 -0.473972 -0.447653 -0.410702 -0.364138 -0.309264 -0.247554 -0.548432 -0.18679 -0.487163 -0.125463 -0.127355 -0.124154 -0.115364 -0.100891 -0.0810976 -0.0568084 -0.0292604 0 

0 -5.07647e-030 -2.67407e-029 -1.33604e-028 -6.52873e-028 -3.12752e-027 -1.4684e-026 -6.75692e-026 -3.04765e-025 -1.34732e-024 -5.83799e-024 -2.4794e-023 -1.03208e-022 -4.21081e-022 -1.68386e-021 -6.59982e-021 -2.53538e-020 -9.54643e-020 -3.52309e-019 -1.27436e-018 -4.51796e-018 -1.56992e-017 -5.34683e-017 -1.78484e-016 -5.83962e-016 -1.87263e-015 -5.88577e-015 -1.81316e-014 -5.47457e-014 -1.62011e-013 -4.69917e-013 -1.33591e-012 -3.72234e-012 -1.01656e-011 -2.72101e-011 -7.13849e-011 -1.83553e-010 -4.6259e-010 -1.14264e-009 -2.7663e-009 -6.56399e-009 -1.52656e-008 -3.47966e-008 -7.77386e-008 -1.70221e-007 -3.65314e-007 -7.68413e-007 -1.58416e-006 -3.20096e-006 -6.33921e-006 -1.23045e-005 -2.34083e-005 -4.36465e-005 -7.97633e-005 -0.000142867 -0.000250802 -0.000431525 -0.000727703 -0.00120275 -0.00194836 -0.00309339 -0.00481364 -0.00734149 -0.010974 -0.0160776 -0.0230858 -0.0324893 -0.0448131 -0.0605813 -0.0802675 -0.104233 -0.132659 -0.165472 -0.202285 -0.242351 -0.284548 -0.327396 -0.369121 -0.407749 -0.441243 -0.467646 -0.485236 -0.492658 -0.489026 -0.473972 -0.447653 -0.778581 -0.441116 -0.759578 -0.409866 -0.715917 -0.353249 -0.645556 -0.268375 -0.247556 -0.215201 -0.172172 -0.120201 -0.0617874 0 

0 -1.89078e-031 -1.00584e-030 -5.26987e-030 -2.67737e-029 -1.33608e-028 -6.52878e-028 -3.12752e-027 -1.4684e-026 -6.75692e-026 -3.04765e-025 -1.34732e-024 -5.83799e-024 -2.4794e-023 -1.03208e-022 -4.21081e-022 -1.68386e-021 -6.59982e-021 -2.53538e-020 -9.54643e-020 -3.52309e-019 -1.27436e-018 -4.51796e-018 -1.56992e-017 -5.34683e-017 -1.78484e-016 -5.83962e-016 -1.87263e-015 -5.88577e-015 -1.81316e-014 -5.47457e-014 -1.62011e-013 -4.69917e-013 -1.33591e-012 -3.72234e-012 -1.01656e-011 -2.72101e-011 -7.13849e-011 -1.83553e-010 -4.6259e-010 -1.14264e-009 -2.7663e-009 -6.56399e-009 -1.52656e-008 -3.47966e-008 -7.77386e-008 -1.70221e-007 -3.65314e-007 -7.68413e-007 -1.58416e-006 -3.20096e-006 -6.33921e-006 -1.23045e-005 -2.34083e-005 -4.36465e-005 -7.97633e-005 -0.000142867 -0.000250802 -0.000431525 -0.000727703 -0.00120275 -0.00194836 -0.00309339 -0.00481364 -0.00734149 -0.010974 -0.0160776 -0.0230858 -0.0324893 -0.0448131 -0.0605813 -0.0802675 -0.104233 -0.132659 -0.165472 -0.202285 -0.242351 -0.284548 -0.327396 -0.369121 -0.407749 -0.441243 -0.467646 -0.485236 -0.860538 -0.566005 -0.924286 -0.609966 -0.946065 -0.607575 -0.917971 -0.552778 -0.836118 -0.444297 -0.702364 -0.287686 -0.228246 -0.158393 -0.0811245 0 

0 -3.0213e-033 -3.47149e-032 -1.91883e-031 -1.00713e-030 -5.26918e-030 -2.67738e-029 -1.33609e-028 -6.52879e-028 -3.12752e-027 -1.4684e-026 -6.75692e-026 -3.04765e-025 -1.34732e-024 -5.83799e-024 -2.4794e-023 -1.03208e-022 -4.21081e-022 -1.68386e-021 -6.59982e-021 -2.53538e-020 -9.54643e-020 -3.52309e-019 -1.27436e-018 -4.51796e-018 -1.56992e-017 -5.34683e-017 -1.78484e-016 -5.83962e-016 -1.87263e-015 -5.88577e-015 -1.81316e-014 -5.47457e-014 -1.62011e-013 -4.69917e-013 -1.33591e-012 -3.72234e-012 -1.01656e-011 -2.72101e-011 -7.13849e-011 -1.83553e-010 -4.6259e-010 -1.14264e-009 -2.7663e-009 -6.56399e-009 -1.52656e-008 -3.47966e-008 -7.77386e-008 -1.70221e-007 -3.65314e-007 -7.68413e-007 -1.58416e-006 -3.20096e-006 -6.33921e-006 -1.23045e-005 -2.34083e-005 -4.36465e-005 -7.97633e-005 -0.000142867 -0.000250802 -0.000431525 -0.000727703 -0.00120275 -0.00194836 -0.00309339 -0.00481364 -0.00734149 -0.010974 -0.0160776 -0.0230858 -0.0324893 -0.0448131 -0.0605813 -0.0802675 -0.104233 -0.132659 -0.165472 -0.202285 -0.242351 -0.284548 -0.327396 -0.369121 -0.775629 -0.518222 -0.91796 -0.647549 -1.02802 -0.732463 -1.08268 -0.752878 -1.06627 -0.698622 -0.974779 -0.572089 -0.816808 -0.387488 -0.611316 -0.167484 -0.085334 0 

0 1.51667e-033 -2.94908e-033 -1.28797e-033 -3.14649e-032 -1.91185e-031 -1.00718e-030 -5.27057e-030 -2.67749e-029 -1.33609e-028 -6.52879e-028 -3.12752e-027 -1.4684e-026 -6.75692e-026 -3.04765e-025 -1.34732e-024 -5.83799e-024 -2.4794e-023 -1.03208e-022 -4.21081e-022 -1.68386e-021 -6.59982e-021 -2.53538e-020 -9.54643e-020 -3.52309e-019 -1.27436e-018 -4.51796e-018 -1.56992e-017 -5.34683e-017 -1.78484e-016 -5.83962e-016 -1.87263e-015 -5.88577e-015 -1.81316e-014 -5.47457e-014 -1.62011e-013 -4.69917e-013 -1.33591e-012 -3.72234e-012 -1.01656e-011 -2.72101e-011 -7.13849e-011 -1.83553e-010 -4.6259e-010 -1.14264e-009 -2.7663e-009 -6.56399e-009 -1.52656e-008 -3.47966e-008 -7.77386e-008 -1.70221e-007 -3.65314e-007 -7.68413e-007 -1.58416e-006 -3.20096e-006 -6.33921e-006 -1.23045e-005 -2.34083e-005 -4.36465e-005 -7.97633e-005 -0.000142867 -0.000250802 -0.000431525 -0.000727703 -0.00120275 -0.00194836 -0.00309339 -0.00481364 -0.00734149 -0.010974 -0.0160776 -0.0230858 -0.0324893 -0.0448131 -0.0605813 -0.0802675 -0.104233 -0.132659 -0.165472 -0.202285 -0.61023 -0.361526 -0.77771 -0.531433 -0.943113 -0.68468 -1.07635 -0.790461 -1.14822 -0.823511 -1.13949 -0.772188 -1.04696 -0.641814 -0.883731 -0.451887 -0.673896 -0.229095 -0.444858 0 

0 1.51667e-033 1.58889e-033 3.25001e-033 3.00927e-034 -5.89816e-034 -3.1513e-032 -1.92581e-031 -1.00828e-030 -5.27057e-030 -2.67748e-029 -1.33607e-028 -6.52878e-028 -3.12752e-027 -1.4684e-026 -6.75692e-026 -3.04765e-025 -1.34732e-024 -5.83799e-024 -2.4794e-023 -1.03208e-022 -4.21081e-022 -1.68386e-021 -6.59982e-021 -2.53538e-020 -9.54643e-020 -3.52309e-019 -1.27436e-018 -4.51796e-018 -1.56992e-017 -5.34683e-017 -1.78484e-016 -5.83962e-016 -1.87263e-015 -5.88577e-015 -1.81316e-014 -5.47457e-014 -1.62011e-013 -4.69917e-013 -1.33591e-012 -3.72234e-012 -1.01656e-011 -2.72101e-011 -7.13849e-011 -1.83553e-010 -4.6259e-010 -1.14264e-009 -2.7663e-009 -6.56399e-009 -1.52656e-008 -3.47966e-008 -7.77386e-008 -1.70221e-007 -3.65314e-007 -7.68413e-007 -1.58416e-006 -3.20096e-006 -6.33921e-006 -1.23045e-005 -2.34083e-005 -4.36465e-005 -7.97633e-005 -0.000142867 -0.000250802 -0.000431525 -0.000727703 -0.00120275 -0.00194836 -0.00309339 -0.00481364 -0.00734149 -0.010974 -0.0160776 -0.0230858 -0.0324893 -0.0448131 -0.0605813 -0.0802675 -0.472113 -0.209637 -0.615785 -0.364597 -0.777715 -0.527985 -0.936103 -0.674345 -1.06331 -0.775728 -1.13316 -0.809771 -1.12891 -0.766702 -1.04844 -0.651987 -0.904044 -0.483421 -0.717273 -0.284403 -0.143704 0 

0 1.51667e-033 1.58889e-033 3.25001e-033 4.8389e-033 3.94816e-033 2.52778e-034 -1.98612e-033 -3.26204e-032 -1.92581e-031 -1.00819e-030 -5.26827e-030 -2.67737e-029 -1.33607e-028 -6.52878e-028 -3.12752e-027 -1.4684e-026 -6.75692e-026 -3.04765e-025 -1.34732e-024 -5.83799e-024 -2.4794e-023 -1.03208e-022 -4.21081e-022 -1.68386e-021 -6.59982e-021 -2.53538e-020 -9.54643e-020 -3.52309e-019 -1.27436e-018 -4.51796e-018 -1.56992e-017 -5.34683e-017 -1.78484e-016 -5.83962e-016 -1.87263e-015 -5.88577e-015 -1.81316e-014 -5.47457e-014 -1.62011e-013 -4.69917e-013 -1.33591e-012 -3.72234e-012 -1.01656e-011 -2.72101e-011 -7.13849e-011 -1.83553e-010 -4.6259e-010 -1.14264e-009 -2.7663e-009 -6.56399e-009 -1.52656e-008 -3.47966e-008 -7.77386e-008 -1.70221e-007 -3.65314e-007 -7.68413e-007 -1.58416e-006 -3.20096e-006 -6.33921e-006 -1.23045e-005 -2.34083e-005 -4.36465e-005 -7.97633e-005 -0.000142867 -0.000250802 -0.000431525 -0.000727703 -0.00120275 -0.00194836 -0.00309339 -0.00481364 -0.00734149 -0.010974 -0.0160776 -0.0230858 -0.400369 -0.121792 -0.510895 -0.24258 -0.639597 -0.376096 -0.774178 -0.507509 -0.897916 -0.619033 -0.992911 -0.693656 -1.044 -0.71892 -1.04211 -0.68957 -0.986001 -0.608309 -0.881981 -0.484503 -0.373852 -0.254326 -0.128711 0 

0 1.51667e-033 1.58889e-033 3.25001e-033 4.8389e-033 3.94816e-033 4.79075e-033 2.55186e-033 -8.54631e-034 -1.98612e-033 -3.25304e-032 -1.90282e-031 -1.00712e-030 -5.26827e-030 -2.67737e-029 -1.33607e-028 -6.52878e-028 -3.12752e-027 -1.4684e-026 -6.75692e-026 -3.04765e-025 -1.34732e-024 -5.83799e-024 -2.4794e-023 -1.03208e-022 -4.21081e-022 -1.68386e-021 -6.59982e-021 -2.53538e-020 -9.54643e-020 -3.52309e-019 -1.27436e-018 -4.51796e-018 -1.56992e-017 -5.34683e-017 -1.78484e-016 -5.83962e-016 -1.87263e-015 -5.88577e-015 -1.81316e-014 -5.47457e-014 -1.62011e-013 -4.69917e-013 -1.33591e-012 -3.72234e-012 -1.01656e-011 -2.72101e-011 -7.13849e-011 -1.83553e-010 -4.6259e-010 -1.14264e-009 -2.7663e-009 -6.56399e-009 -1.52656e-008 -3.47966e-008 -7.77386e-008 -1.70221e-007 -3.65314e-007 -7.68413e-007 -1.58416e-006 -3.20096e-006 -6.33921e-006 -1.23045e-005 -2.34083e-005 -4.36465e-005 -7.97633e-005 -0.000142867 -0.000250802 -0.000431525 -0.000727703 -0.00120275 -0.00194836 -0.00309339 -0.00481364 -0.375221 -0.0879527 -0.466391 -0.185398 -0.567853 -0.28825 -0.669288 -0.385492 -0.759798 -0.467144 -0.830987 -0.526819 -0.878606 -0.562224 -0.901864 -0.573454 -0.901092 -0.560527 -0.875655 -0.522085 -0.455809 -0.379214 -0.293419 -0.2001 -0.101437 0 

0 1.51667e-033 1.58889e-033 3.25001e-033 4.8389e-033 3.94816e-033 4.79075e-033 2.55186e-033 3.68334e-033 2.55186e-033 -7.646e-034 3.12964e-034 -3.14528e-032 -1.90282e-031 -1.00712e-030 -5.26827e-030 -2.67737e-029 -1.33607e-028 -6.52878e-028 -3.12752e-027 -1.4684e-026 -6.75692e-026 -3.04765e-025 -1.34732e-024 -5.83799e-024 -2.4794e-023 -1.03208e-022 -4.21081e-022 -1.68386e-021 -6.59982e-021 -2.53538e-020 -9.54643e-020 -3.52309e-019 -1.27436e-018 -4.51796e-018 -1.56992e-017 -5.34683e-017 -1.78484e-016 -5.83962e-016 -1.87263e-015 -5.88577e-015 -1.81316e-014 -5.47457e-014 -1.62011e-013 -4.69917e-013 -1.33591e-012 -3.72234e-012 -1.01656e-011 -2.72101e-011 -7.13849e-011 -1.83553e-010 -4.6259e-010 -1.14264e-009 -2.7663e-009 -6.56399e-009 -1.52656e-008 -3.47966e-008 -7.77386e-008 -1.70221e-007 -3.65314e-007 -7.68413e-007 -1.58416e-006 -3.20096e-006 -6.33921e-006 -1.23045e-005 -2.34083e-005 -4.36465e-005 -7.97633e-005 -0.000142867 -0.000250802 -0.000431525 -0.000727703 -0.369082 -0.078927 -0.453407 -0.167126 -0.542705 -0.254411 -0.624784 -0.32831 -0.688054 -0.379298 -0.726096 -0.404802 -0.740488 -0.410335 -0.739939 -0.406618 -0.735694 -0.403831 -0.735405 -0.40597 -0.3709 -0.331432 -0.287093 -0.237682 -0.183394 -0.124888 -0.0632706 0 

0 1.51667e-033 1.58889e-033 3.25001e-033 4.8389e-033 3.94816e-033 4.79075e-033 2.55186e-033 3.68334e-033 2.55186e-033 3.77337e-033 4.85094e-033 3.12964e-034 3.12964e-034 -3.14528e-032 -1.90282e-031 -1.00712e-030 -5.26827e-030 -2.67737e-029 -1.33607e-028 -6.52878e-028 -3.12752e-027 -1.4684e-026 -6.75692e-026 -3.04765e-025 -1.34732e-024 -5.83799e-024 -2.4794e-023 -1.03208e-022 -4.21081e-022 -1.68386e-021 -6.59982e-021 -2.53538e-020 -9.54643e-020 -3.52309e-019 -1.27436e-018 -4.51796e-018 -1.56992e-017 -5.34683e-017 -1.78484e-016 -5.83962e-016 -1.87263e-015 -5.88577e-015 -1.81316e-014 -5.47457e-014 -1.62011e-013 -4.69917e-013 -1.33591e-012 -3.72234e-012 -1.01656e-011 -2.72101e-011 -7.13849e-011 -1.83553e-010 -4.6259e-010 -1.14264e-009 -2.7663e-009 -6.56399e-009 -1.52656e-008 -3.47966e-008 -7.77386e-008 -1.70221e-007 -3.65314e-007 -7.68413e-007 -1.58416e-006 -3.20096e-006 -6.33921e-006 -1.23045e-005 -2.34083e-005 -4.36465e-005 -7.97633e-005 -0.368022 -0.0772294 -0.450745 -0.16304 -0.536566 -0.245385 -0.6118 -0.310038 -0.662906 -0.345459 -0.681593 -0.34762 -0.668744 -0.32249 -0.635049 -0.284601 -0.597576 -0.251942 -0.57348 -0.239134 -0.205502 -0.174736 -0.146843 -0.121567 -0.0984854 -0.0771057 -0.0569447 -0.0375827 -0.0186864 0 

0 1.51667e-033 1.58889e-033 3.25001e-033 4.8389e-033 3.94816e-033 4.79075e-033 2.55186e-033 3.68334e-033 2.55186e-033 3.77337e-033 4.85094e-033 4.85094e-033 4.85094e-033 3.12964e-034 3.12964e-034 -3.14528e-032 -1.90282e-031 -1.00712e-030 -5.26827e-030 -2.67737e-029 -1.33607e-028 -6.52878e-028 -3.12752e-027 -1.4684e-026 -6.75692e-026 -3.04765e-025 -1.34732e-024 -5.83799e-024 -2.4794e-023 -1.03208e-022 -4.21081e-022 -1.68386e-021 -6.59982e-021 -2.53538e-020 -9.54643e-020 -3.52309e-019 -1.27436e-018 -4.51796e-018 -1.56992e-017 -5.34683e-017 -1.78484e-016 -5.83962e-016 -1.87263e-015 -5.88577e-015 -1.81316e-014 -5.47457e-014 -1.62011e-013 -4.69917e-013 -1.33591e-012 -3.72234e-012 -1.01656e-011 -2.72101e-011 -7.13849e-011 -1.83553e-010 -4.6259e-010 -1.14264e-009 -2.7663e-009 -6.56399e-009 -1.52656e-008 -3.47966e-008 -7.77386e-008 -1.70221e-007 -3.65314e-007 -7.68413e-007 -1.58416e-006 -3.20096e-006 -6.33921e-006 -0.367892 -0.077002 -0.450357 -0.162392 -0.535507 -0.243688 -0.609138 -0.305952 -0.656768 -0.336433 -0.668609 -0.329348 -0.643596 -0.28865 -0.590545 -0.227419 -0.525832 -0.164097 -0.46859 -0.117117 -0.0673842 -0.0228471 0.0150815 0.0452693 0.0669131 0.0795897 0.0833053 0.0785326 0.0662226 0.0477827 0.0250123 0 

0 1.51667e-033 1.58889e-033 3.25001e-033 4.8389e-033 3.94816e-033 4.79075e-033 2.55186e-033 3.68334e-033 2.55186e-033 3.77337e-033 4.85094e-033 4.85094e-033 4.85094e-033 4.85094e-033 4.85094e-033 3.12964e-034 3.12964e-034 -3.14528e-032 -1.90282e-031 -1.00712e-030 -5.26827e-030 -2.67737e-029 -1.33607e-028 -6.52878e-028 -3.12752e-027 -1.4684e-026 -6.75692e-026 -3.04765e-025 -1.34732e-024 -5.83799e-024 -2.4794e-023 -1.03208e-022 -4.21081e-022 -1.68386e-021 -6.59982e-021 -2.53538e-020 -9.54643e-020 -3.52309e-019 -1.27436e-018 -4.51796e-018 -1.56992e-017 -5.34683e-017 -1.78484e-016 -5.83962e-016 -1.87263e-015 -5.88577e-015 -1.81316e-014 -5.47457e-014 -1.62011e-013 -4.69917e-013 -1.33591e-012 -3.72234e-012 -1.01656e-011 -2.72101e-011 -7.13849e-011 -1.83553e-010 -4.6259e-010 -1.14264e-009 -2.7663e-009 -6.56399e-009 -1.52656e-008 -3.47966e-008 -7.77386e-008 -1.70221e-007 -3.65314e-007 -0.36788 -0.0769802 -0.450317 -0.162319 -0.535376 -0.24346 -0.60875 -0.305304 -0.655708 -0.334736 -0.665947 -0.325262 -0.637458 -0.279625 -0.577561 -0.209147 -0.500684 -0.130258 -0.424087 -0.0599349 0.00435985 0.0649986 0.119972 0.167286 0.205031 0.231479 0.24523 0.245369 0.231621 0.204478 0.165262 0.116115 0.0598967 0 

0 1.51667e-033 1.58889e-033 3.25001e-033 4.8389e-033 3.94816e-033 4.79075e-033 2.55186e-033 3.68334e-033 2.55186e-033 3.77337e-033 4.85094e-033 4.85094e-033 4.85094e-033 4.85094e-033 4.85094e-033 4.85094e-033 4.85094e-033 3.12964e-034 3.12964e-034 -3.14528e-032 -1.90282e-031 -1.00712e-030 -5.26827e-030 -2.67737e-029 -1.33607e-028 -6.52878e-028 -3.12752e-027 -1.4684e-026 -6.75692e-026 -3.04765e-025 -1.34732e-024 -5.83799e-024 -2.4794e-023 -1.03208e-022 -4.21081e-022 -1.68386e-021 -6.59982e-021 -2.53538e-020 -9.54643e-020 -3.52309e-019 -1.27436e-018 -4.51796e-018 -1.56992e-017 -5.34683e-017 -1.78484e-016 -5.83962e-016 -1.87263e-015 -5.88577e-015 -1.81316e-014 -5.47457e-014 -1.62011e-013 -4.69917e-013 -1.33591e-012 -3.72234e-012 -1.01656e-011 -2.72101e-011 -7.13849e-011 -1.83553e-010 -4.6259e-010 -1.14264e-009 -2.7663e-009 -6.56399e-009 -1.52656e-008 -0.367879 -0.0769787 -0.450314 -0.162313 -0.535364 -0.243439 -0.60871 -0.305231 -0.655577 -0.334508 -0.665559 -0.324614 -0.636398 -0.277927 -0.574899 -0.205061 -0.494546 -0.121232 -0.411102 -0.0416628 0.0295076 0.0988376 0.164475 0.224468 0.276775 0.319324 0.35012 0.367386 0.369739 0.356367 0.327187 0.282952 0.225295 0.156695 0.0803532 0 

0 1.51667e-033 1.58889e-033 3.25001e-033 4.8389e-033 3.94816e-033 4.79075e-033 2.55186e-033 3.68334e-033 2.55186e-033 3.77337e-033 4.85094e-033 4.85094e-033 4.85094e-033 4.85094e-033 4.85094e-033 4.85094e-033 4.85094e-033 4.85094e-033 4.85094e-033 3.12964e-034 3.12964e-034 -3.14528e-032 -1.90282e-031 -1.00712e-030 -5.26827e-030 -2.67737e-029 -1.33607e-028 -6.52878e-028 -3.12752e-027 -1.4684e-026 -6.75692e-026 -3.04765e-025 -1.34732e-024 -5.83799e-024 -2.4794e-023 -1.03208e-022 -4.21081e-022 -1.68386e-021 -6.59982e-021 -2.53538e-020 -9.54643e-020 -3.52309e-019 -1.27436e-018 -4.51796e-018 -1.56992e-017 -5.34683e-017 -1.78484e-016 -5.83962e-016 -1.87263e-015 -5.88577e-015 -1.81316e-014 -5.47457e-014 -1.62011e-013 -4.69917e-013 -1.33591e-012 -3.72234e-012 -1.01656e-011 -2.72101e-011 -7.13849e-011 -1.83553e-010 -4.6259e-010 -0.367879 -0.0769786 -0.450314 -0.162313 -0.535364 -0.243437 -0.608707 -0.305225 -0.655566 -0.334486 -0.665518 -0.324541 -0.636267 -0.2777 -0.574511 -0.204413 -0.493486 -0.119534 -0.40844 -0.0375768 0.0356464 0.107863 0.17746 0.24274 0.301923 0.353163 0.394624 0.424568 0.441483 0.444213 0.432077 0.404969 0.363413 0.308585 0.242278 0.166836 0.0850453 0 

0 1.51667e-033 1.58889e-033 3.25001e-033 4.8389e-033 3.94816e-033 4.79075e-033 2.55186e-033 3.68334e-033 2.55186e-033 3.77337e-033 4.85094e-033 4.85094e-033 4.85094e-033 4.85094e-033 4.85094e-033 4.85094e-033 4.85094e-033 4.85094e-033 4.85094e-033 4.85094e-033 4.85094e-033 3.12964e-034 3.12964e-034 -3.14528e-032 -1.90282e-031 -1.00712e-030 -5.26827e-030 -2.67737e-029 -1.33607e-028 -6.52878e-028 -3.12752e-027 -1.4684e-026 -6.75692e-026 -3.04765e-025 -1.34732e-024 -5.83799e-024 -2.4794e-023 -1.03208e-022 -4.21081e-022 -1.68386e-021 -6.59982e-021 -2.53538e-020 -9.54643e-020 -3.52309e-019 -1.27436e-018 -4.51796e-018 -1.56992e-017 -5.34683e-017 -1.78484e-016 -5.83962e-016 -1.87263e-015 -5.88577e-015 -1.81316e-014 -5.47457e-014 -1.62011e-013 -4.69917e-013 -1.33591e-012 -3.72234e-012 -1.01656e-011 -0.367879 -0.0769786 -0.450314 -0.162313 -0.535364 -0.243437 -0.608707 -0.305224 -0.655565 -0.334485 -0.665515 -0.324535 -0.636256 -0.277678 -0.574471 -0.20434 -0.493355 -0.119307 -0.408053 -0.0369289 0.0367063 0.109561 0.180121 0.246826 0.308061 0.362189 0.407608 0.44284 0.466631 0.478052 0.476581 0.46215 0.435157 0.39643 0.347168 0.288853 0.223163 0.151889 0.0768794 0 

0 1.51667e-033 1.58889e-033 3.25001e-033 4.8389e-033 3.94816e-033 4.79075e-033 2.55186e-033 3.68334e-033 2.55186e-033 3.77337e-033 4.85094e-033 4.85094e-033 4.85094e-033 4.85094e-033 4.85094e-033 4.85094e-033 4.85094e-033 4.85094e-033 4.85094e-033 4.85094e-033 4.85094e-033 4.85094e-033 4.85094e-033 3.12964e-034 3.12964e-034 -3.14528e-032 -1.90282e-031 -1.00712e-030 -5.26827e-030 -2.67737e-029 -1.33607e-028 -6.52878e-028 -3.12752e-027 -1.4684e-026 -6.75692e-026 -3.04765e-025 -1.34732e-024 -5.83799e-024 -2.4794e-023 -1.03208e-022 -4.21081e-022 -1.68386e-021 -6.59982e-021 -2.53538e-020 -9.54643e-020 -3.52309e-019 -1.27436e-018 -4.51796e-018 -1.56992e-017 -5.34683e-017 -1.78484e-016 -5.83962e-016 -1.87263e-015 -5.88577e-015 -1.81316e-014 -5.47457e-014 -1.62011e-013 -0.367879 -0.0769786 -0.450314 -0.162313 -0.535364 -0.243437 -0.608707 -0.305224 -0.655565 -0.334485 -0.665515 -0.324535 -0.636255 -0.277677 -0.574468 -0.204334 -0.493344 -0.119285 -0.408012 -0.0368555 0.0368368 0.109788 0.180509 0.247474 0.309121 0.363887 0.41027 0.446926 0.472769 0.487078 0.489565 0.480423 0.460305 0.430269 0.391672 0.346035 0.294907 0.239735 0.18177 0.122017 0.0612382 0 

0 1.51667e-033 1.58889e-033 3.25001e-033 4.8389e-033 3.94816e-033 4.79075e-033 2.55186e-033 3.68334e-033 2.55186e-033 3.77337e-033 4.85094e-033 4.85094e-033 4.85094e-033 4.85094e-033 4.85094e-033 4.85094e-033 4.85094e-033 4.85094e-033 4.85094e-033 4.85094e-033 4.85094e-033 4.85094e-033 4.85094e-033 4.85094e-033 4.85094e-033 3.12964e-034 3.12964e-034 -3.14528e-032 -1.90282e-031 -1.00712e-030 -5.26827e-030 -2.67737e-029 -1.33607e-028 -6.52878e-028 -3.12752e-027 -1.4684e-026 -6.75692e-026 -3.04765e-025 -1.34732e-024 -5.83799e-024 -2.4794e-023 -1.03208e-022 -4.21081e-022 -1.68386e-021 -6.59982e-021 -2.53538e-020 -9.54643e-020 -3.52309e-019 -1.27436e-018 -4.51796e-018 -1.56992e-017 -5.34683e-017 -1.78484e-016 -5.83962e-016 -1.87263e-015 -0.367879 -0.0769786 -0.450314 -0.162313 -0.535364 -0.243437 -0.608707 -0.305224 -0.655565 -0.334485 -0.665515 -0.324535 -0.636255 -0.277676 -0.574467 -0.204333 -0.493343 -0.119284 -0.408009 -0.0368495 0.0368484 0.10981 0.18055 0.247548 0.309252 0.364114 0.410658 0.447574 0.473829 0.488775 0.492227 0.484508 0.466443 0.439295 0.404656 0.364307 0.320055 0.273574 0.226273 0.179199 0.132982 0.0878456 0.043652 0 

0 1.51667e-033 1.58889e-033 3.25001e-033 4.8389e-033 3.94816e-033 4.79075e-033 2.55186e-033 3.68334e-033 2.55186e-033 3.77337e-033 4.85094e-033 4.85094e-033 4.85094e-033 4.85094e-033 4.85094e-033 4.85094e-033 4.85094e-033 4.85094e-033 4.85094e-033 4.85094e-033 4.85094e-033 4.85094e-033 4.85094e-033 4.85094e-033 4.85094e-033 4.85094e-033 4.85094e-033 3.12964e-034 3.12964e-034 -3.14528e-032 -1.90282e-031 -1.00712e-030 -5.26827e-030 -2.67737e-029 -1.33607e-028 -6.52878e-028 -3.12752e-027 -1.4684e-026 -6.75692e-026 -3.04765e-025 -1.34732e-024 -5.83799e-024 -2.4794e-023 -1.03208e-022 -4.21081e-022 -1.68386e-021 -6.59982e-021 -2.53538e-020 -9.54643e-020 -3.52309e-019 -1.27436e-018 -4.51796e-018 -1.56992e-017 -0.367879 -0.0769786 -0.450314 -0.162313 -0.535364 -0.243437 -0.608707 -0.305224 -0.655565 -0.334485 -0.665515 -0.324535 -0.636255 -0.277676 -0.574467 -0.204333 -0.493343 -0.119283 -0.408009 -0.0368491 0.0368491 0.109812 0.180553 0.247553 0.309263 0.364136 0.410698 0.447647 0.47396 0.489002 0.492615 0.485156 0.467503 0.440992 0.407318 0.368393 0.326193 0.282599 0.239258 0.197471 0.15813 0.121685 0.0881558 0.0571818 0.0280921 0 

0 1.51667e-033 1.58889e-033 3.25001e-033 4.8389e-033 3.94816e-033 4.79075e-033 2.55186e-033 3.68334e-033 2.55186e-033 3.77337e-033 4.85094e-033 4.85094e-033 4.85094e-033 4.85094e-033 4.85094e-033 4.85094e-033 4.85094e-033 4.85094e-033 4.85094e-033 4.85094e-033 4.85094e-033 4.85094e-033 4.85094e-033 4.85094e-033 4.85094e-033 4.85094e-033 4.85094e-033 4.85094e-033 4.85094e-033 3.12964e-034 3.12964e-034 -3.14528e-032 -1.90282e-031 -1.00712e-030 -5.26827e-030 -2.67737e-029 -1.33607e-028 -6.52878e-028 -3.12752e-027 -1.4684e-026 -6.75692e-026 -3.04765e-025 -1.34732e-024 -5.83799e-024 -2.4794e-023 -1.03208e-022 -4.21081e-022 -1.68386e-021 -6.59982e-021 -2.53538e-020 -9.54643e-020 -0.367879 -0.0769786 -0.450314 -0.162313 -0.535364 -0.243437 -0.608707 -0.305224 -0.655565 -0.334485 -0.665515 -0.324535 -0.636255 -0.277676 -0.574467 -0.204333 -0.493343 -0.119283 -0.408009 -0.0368491 0.0368491 0.109812 0.180553 0.247554 0.309264 0.364137 0.410701 0.447653 0.473971 0.489024 0.492655 0.48523 0.467634 0.44122 0.407706 0.369041 0.327253 0.284297 0.241919 0.201557 0.164269 0.13071 0.10114 0.0754539 0.0532398 0.0338391 0.0164117 0 

0 1.51667e-033 1.58889e-033 3.25001e-033 4.8389e-033 3.94816e-033 4.79075e-033 2.55186e-033 3.68334e-033 2.55186e-033 3.77337e-033 4.85094e-033 4.85094e-033 4.85094e-033 4.85094e-033 4.85094e-033 4.85094e-033 4.85094e-033 4.85094e-033 4.85094e-033 4.85094e-033 4.85094e-033 4.85094e-033 4.85094e-033 4.85094e-033 4.85094e-033 4.85094e-033 4.85094e-033 4.85094e-033 4.85094e-033 4.85094e-033 4.85094e-033 3.12964e-034 3.12964e-034 -3.14528e-032 -1.90282e-031 -1.00712e-030 -5.26827e-030 -2.67737e-029 -1.33607e-028 -6.52878e-028 -3.12752e-027 -1.4684e-026 -6.75692e-026 -3.04765e-025 -1.34732e-024 -5.83799e-024 -2.4794e-023 -1.03208e-022 -4.21081e-022 -0.367879 -0.0769786 -0.450314 -0.162313 -0.535364 -0.243437 -0.608707 -0.305224 -0.655565 -0.334485 -0.665515 -0.324535 -0.636255 -0.277676 -0.574467 -0.204333 -0.493343 -0.119283 -0.408009 -0.0368491 0.0368491 0.109812 0.180553 0.247554 0.309264 0.364138 0.410702 0.447653 0.473972 0.489026 0.492658 0.485236 0.467645 0.441242 0.407746 0.369115 0.327384 0.284524 0.242307 0.202205 0.165329 0.132408 0.103802 0.0795398 0.0593786 0.0428647 0.0293959 0.0182722 0.00873607 0 

0 1.51667e-033 1.58889e-033 3.25001e-033 4.8389e-033 3.94816e-033 4.79075e-033 2.55186e-033 3.68334e-033 2.55186e-033 3.77337e-033 4.85094e-033 4.85094e-033 4.85094e-033 4.85094e-033 4.85094e-033 4.85094e-033 4.85094e-033 4.85094e-033 4.85094e-033 4.85094e-033 4.85094e-033 4.85094e-033 4.85094e-033 4.85094e-033 4.85094e-033 4.85094e-033 4.85094e-033 4.85094e-033 4.85094e-033 4.85094e-033 4.85094e-033 4.85094e-033 4.85094e-033 3.12964e-034 3.12964e-034 -3.14528e-032 -1.90282e-031 -1.00712e-030 -5.26827e-030 -2.67737e-029 -1.33607e-028 -6.52878e-028 -3.12752e-027 -1.4684e-026 -6.75692e-026 -3.04765e-025 -1.34732e-024 -0.367879 -0.0769786 -0.450314 -0.162313 -0.535364 -0.243437 -0.608707 -0.305224 -0.655565 -0.334485 -0.665515 -0.324535 -0.636255 -0.277676 -0.574467 -0.204333 -0.493343 -0.119283 -0.408009 -0.0368491 0.0368491 0.109812 0.180553 0.247554 0.309264 0.364138 0.410702 0.447653 0.473972 0.489026 0.492658 0.485236 0.467646 0.441243 0.407749 0.369121 0.327395 0.284546 0.242348 0.202278 0.165459 0.132635 0.10419 0.0801878 0.0604385 0.0445623 0.0320578 0.0223581 0.0148748 0.00902568 0.0042481 0 

0 1.51667e-033 1.58889e-033 3.25001e-033 4.8389e-033 3.94816e-033 4.79075e-033 2.55186e-033 3.68334e-033 2.55186e-033 3.77337e-033 4.85094e-033 4.85094e-033 4.85094e-033 4.85094e-033 4.85094e-033 4.85094e-033 4.85094e-033 4.85094e-033 4.85094e-033 4.85094e-033 4.85094e-033 4.85094e-033 4.85094e-033 4.85094e-033 4.85094e-033 4.85094e-033 4.85094e-033 4.85094e-033 4.85094e-033 4.85094e-033 4.85094e-033 4.85094e-033 4.85094e-033 4.85094e-033 4.85094e-033 3.12964e-034 3.12964e-034 -3.14528e-032 -1.90282e-031 -1.00712e-030 -5.26827e-030 -2.67737e-029 -1.33607e-028 -6.52878e-028 -3.12752e-027 -0.367879 -0.0769786 -0.450314 -0.162313 -0.535364 -0.243437 -0.608707 -0.305224 -0.655565 -0.334485 -0.665515 -0.324535 -0.636255 -0.277676 -0.574467 -0.204333 -0.493343 -0.119283 -0.408009 -0.0368491 0.0368491 0.109812 0.180553 0.247554 0.309264 0.364138 0.410702 0.447653 0.473972 0.489026 0.492658 0.485236 0.467646 0.441243 0.407749 0.369121 0.327396 0.284548 0.242351 0.202284 0.165471 0.132657 0.10423 0.0802612 0.060569 0.0447897 0.0324456 0.023006 0.0159347 0.0107232 0.00690996 0.00408594 0.00189064 0 

0 1.51667e-033 1.58889e-033 3.25001e-033 4.8389e-033 3.94816e-033 4.79075e-033 2.55186e-033 3.68334e-033 2.55186e-033 3.77337e-033 4.85094e-033 4.85094e-033 4.85094e-033 4.85094e-033 4.85094e-033 4.85094e-033 4.85094e-033 4.85094e-033 4.85094e-033 4.85094e-033 4.85094e-033 4.85094e-033 4.85094e-033 4.85094e-033 4.85094e-033 4.85094e-033 4.85094e-033 4.85094e-033 4.85094e-033 4.85094e-033 4.85094e-033 4.85094e-033 4.85094e-033 4.85094e-033 4.85094e-033 4.85094e-033 4.85094e-033 3.12964e-034 3.12964e-034 -3.14528e-032 -1.90282e-031 -1.00712e-030 -5.26827e-030 -0.367879 -0.0769786 -0.450314 -0.162313 -0.535364 -0.243437 -0.608707 -0.305224 -0.655565 -0.334485 -0.665515 -0.324535 -0.636255 -0.277676 -0.574467 -0.204333 -0.493343 -0.119283 -0.408009 -0.0368491 0.0368491 0.109812 0.180553 0.247554 0.309264 0.364138 0.410702 0.447653 0.473972 0.489026 0.492658 0.485236 0.467646 0.441243 0.407749 0.369121 0.327396 0.284548 0.242351 0.202285 0.165471 0.132659 0.104233 0.0802672 0.0605806 0.0448115 0.0324861 0.0230795 0.0160653 0.0109506 0.00729784 0.00473388 0.00295053 0.00169756 0.000771224 0 

0 1.51667e-033 1.58889e-033 3.25001e-033 4.8389e-033 3.94816e-033 4.79075e-033 2.55186e-033 3.68334e-033 2.55186e-033 3.77337e-033 4.85094e-033 4.85094e-033 4.85094e-033 4.85094e-033 4.85094e-033 4.85094e-033 4.85094e-033 4.85094e-033 4.85094e-033 4.85094e-033 4.85094e-033 4.85094e-033 4.85094e-033 4.85094e-033 4.85094e-033 4.85094e-033 4.85094e-033 4.85094e-033 4.85094e-033 4.85094e-033 4.85094e-033 4.85094e-033 4.85094e-033 4.85094e-033 4.85094e-033 4.85094e-033 4.85094e-033 4.85094e-033 4.85094e-033 3.12964e-034 3.12964e-034 -0.367879 -0.0769786 -0.450314 -0.162313 -0.535364 -0.243437 -0.608707 -0.305224 -0.655565 -0.334485 -0.665515 -0.324535 -0.636255 -0.277676 -0.574467 -0.204333 -0.493343 -0.119283 -0.408009 -0.0368491 0.0368491 0.109812 0.180553 0.247554 0.309264 0.364138 0.410702 0.447653 0.473972 0.489026 0.492658 0.485236 0.467646 0.441243 0.407749 0.369121 0.327396 0.284548 0.242351 0.202285 0.165472 0.132659 0.104233 0.0802675 0.0605813 0.044813 0.0324891 0.0230854 0.0160768 0.0109725 0.00733829 0.0048073 0.00308109 0.00192495 0.0011591 0.00064794 0.000288659 0 

0 1.51667e-033 1.58889e-033 3.25001e-033 4.8389e-033 3.94816e-033 4.79075e-033 2.55186e-033 3.68334e-033 2.55186e-033 3.77337e-033 4.85094e-033 4.85094e-033 4.85094e-033 4.85094e-033 4.85094e-033 4.85094e-033 4.85094e-033 4.85094e-033 4.85094e-033 4.85094e-033 4.85094e-033 4.85094e-033 4.85094e-033 4.85094e-033 4.85094e-033 4.85094e-033 4.85094e-033 4.85094e-033 4.85094e-033 4.85094e-033 4.85094e-033 4.85094e-033 4.85094e-033 4.85094e-033 4.85094e-033 4.85094e-033 4.85094e-033 4.85094e-033 4.85094e-033 -0.367879 -0.0769786 -0.450314 -0.162313 -0.535364 -0.243437 -0.608707 -0.305224 -0.655565 -0.334485 -0.665515 -0.324535 -0.636255 -0.277676 -0.574467 -0.204333 -0.493343 -0.119283 -0.408009 -0.0368491 0.0368491 0.109812 0.180553 0.247554 0.309264 0.364138 0.410702 0.447653 0.473972 0.489026 0.492658 0.485236 0.467646 0.441243 0.407749 0.369121 0.327396 0.284548 0.242351 0.202285 0.165472 0.132659 0.104233 0.0802675 0.0605813 0.0448131 0.0324893 0.0230858 0.0160775 0.010974 0.00734132 0.00481327 0.00309262 0.00194677 0.00119955 0.000721364 0.000419221 0.000227394 9.922e-005 0 

0 1.51667e-033 1.58889e-033 3.25001e-033 4.8389e-033 3.94816e-033 4.79075e-033 2.55186e-033 3.68334e-033 2.55186e-033 3.77337e-033 4.85094e-033 4.85094e-033 4.85094e-033 4.85094e-033 4.85094e-033 4.85094e-033 4.85094e-033 4.85094e-033 4.85094e-033 4.85094e-033 4.85094e-033 4.85094e-033 4.85094e-033 4.85094e-033 4.85094e-033 4.85094e-033 4.85094e-033 4.85094e-033 4.85094e-033 4.85094e-033 4.85094e-033 4.85094e-033 4.85094e-033 4.85094e-033 4.85094e-033 4.85094e-033 4.85094e-033 -0.367879 -0.0769786 -0.450314 -0.162313 -0.535364 -0.243437 -0.608707 -0.305224 -0.655565 -0.334485 -0.665515 -0.324535 -0.636255 -0.277676 -0.574467 -0.204333 -0.493343 -0.119283 -0.408009 -0.0368491 0.0368491 0.109812 0.180553 0.247554 0.309264 0.364138 0.410702 0.447653 0.473972 0.489026 0.492658 0.485236 0.467646 0.441243 0.407749 0.369121 0.327396 0.284548 0.242351 0.202285 0.165472 0.132659 0.104233 0.0802675 0.0605813 0.0448131 0.0324893 0.0230858 0.0160776 0.010974 0.00734148 0.00481362 0.00309336 0.00194828 0.00120258 0.000727338 0.000430757 0.000249218 0.000139666 7.34241e-005 3.1342e-005 0 

0 1.51667e-033 1.58889e-033 3.25001e-033 4.8389e-033 3.94816e-033 4.79075e-033 2.55186e-033 3.68334e-033 2.55186e-033 3.77337e-033 4.85094e-033 4.85094e-033 4.85094e-033 4.85094e-033 4.85094e-033 4.85094e-033 4.85094e-033 4.85094e-033 4.85094e-033 4.85094e-033 4.85094e-033 4.85094e-033 4.85094e-033 4.85094e-033 4.85094e-033 4.85094e-033 4.85094e-033 4.85094e-033 4.85094e-033 4.85094e-033 4.85094e-033 4.85094e-033 4.85094e-033 4.85094e-033 4.85094e-033 -0.367879 -0.0769786 -0.450314 -0.162313 -0.535364 -0.243437 -0.608707 -0.305224 -0.655565 -0.334485 -0.665515 -0.324535 -0.636255 -0.277676 -0.574467 -0.204333 -0.493343 -0.119283 -0.408009 -0.0368491 0.0368491 0.109812 0.180553 0.247554 0.309264 0.364138 0.410702 0.447653 0.473972 0.489026 0.492658 0.485236 0.467646 0.441243 0.407749 0.369121 0.327396 0.284548 0.242351 0.202285 0.165472 0.132659 0.104233 0.0802675 0.0605813 0.0448131 0.0324893 0.0230858 0.0160776 0.010974 0.00734149 0.00481364 0.00309339 0.00194836 0.00120274 0.000727688 0.000431491 0.000250725 0.000142696 7.9398e-005 4.28781e-005 2.18242e-005 9.10358e-006 0 

0 1.51667e-033 1.58889e-033 3.25001e-033 4.8389e-033 3.94816e-033 4.79075e-033 2.55186e-033 3.68334e-033 2.55186e-033 3.77337e-033 4.85094e-033 4.85094e-033 4.85094e-033 4.85094e-033 4.85094e-033 4.85094e-033 4.85094e-033 4.85094e-033 4.85094e-033 4.85094e-033 4.85094e-033 4.85094e-033 4.85094e-033 4.85094e-033 4.85094e-033 4.85094e-033 4.85094e-033 4.85094e-033 4.85094e-033 4.85094e-033 4.85094e-033 4.85094e-033 4.85094e-033 -0.367879 -0.0769786 -0.450314 -0.162313 -0.535364 -0.243437 -0.608707 -0.305224 -0.655565 -0.334485 -0.665515 -0.324535 -0.636255 -0.277676 -0.574467 -0.204333 -0.493343 -0.119283 -0.408009 -0.0368491 0.0368491 0.109812 0.180553 0.247554 0.309264 0.364138 0.410702 0.447653 0.473972 0.489026 0.492658 0.485236 0.467646 0.441243 0.407749 0.369121 0.327396 0.284548 0.242351 0.202285 0.165472 0.132659 0.104233 0.0802675 0.0605813 0.0448131 0.0324893 0.0230858 0.0160776 0.010974 0.00734149 0.00481364 0.00309339 0.00194836 0.00120275 0.000727703 0.000431524 0.0002508 0.00014286 7.9748e-005 4.36117e-005 2.33306e-005 1.21343e-005 5.97389e-006 2.43254e-006 0 

0 1.51667e-033 1.58889e-033 3.25001e-033 4.8389e-033 3.94816e-033 4.79075e-033 2.55186e-033 3.68334e-033 2.55186e-033 3.77337e-033 4.85094e-033 4.85094e-033 4.85094e-033 4.85094e-033 4.85094e-033 4.85094e-033 4.85094e-033 4.85094e-033 4.85094e-033 4.85094e-033 4.85094e-033 4.85094e-033 4.85094e-033 4.85094e-033 4.85094e-033 4.85094e-033 4.85094e-033 4.85094e-033 4.85094e-033 4.85094e-033 4.85094e-033 -0.367879 -0.0769786 -0.450314 -0.162313 -0.535364 -0.243437 -0.608707 -0.305224 -0.655565 -0.334485 -0.665515 -0.324535 -0.636255 -0.277676 -0.574467 -0.204333 -0.493343 -0.119283 -0.408009 -0.0368491 0.0368491 0.109812 0.180553 0.247554 0.309264 0.364138 0.410702 0.447653 0.473972 0.489026 0.492658 0.485236 0.467646 0.441243 0.407749 0.369121 0.327396 0.284548 0.242351 0.202285 0.165472 0.132659 0.104233 0.0802675 0.0605813 0.0448131 0.0324893 0.0230858 0.0160776 0.010974 0.00734149 0.00481364 0.00309339 0.00194836 0.00120275 0.000727703 0.000431525 0.000250802 0.000142866 7.97628e-005 4.36454e-005 2.34055e-005 1.2298e-005 6.32394e-006 3.16616e-006 1.50642e-006 5.98192e-007 0 

0 1.51667e-033 1.58889e-033 3.25001e-033 4.8389e-033 3.94816e-033 4.79075e-033 2.55186e-033 3.68334e-033 2.55186e-033 3.77337e-033 4.85094e-033 4.85094e-033 4.85094e-033 4.85094e-033 4.85094e-033 4.85094e-033 4.85094e-033 4.85094e-033 4.85094e-033 4.85094e-033 4.85094e-033 4.85094e-033 4.85094e-033 4.85094e-033 4.85094e-033 4.85094e-033 4.85094e-033 4.85094e-033 4.85094e-033 -0.367879 -0.0769786 -0.450314 -0.162313 -0.535364 -0.243437 -0.608707 -0.305224 -0.655565 -0.334485 -0.665515 -0.324535 -0.636255 -0.277676 -0.574467 -0.204333 -0.493343 -0.119283 -0.408009 -0.0368491 0.0368491 0.109812 0.180553 0.247554 0.309264 0.364138 0.410702 0.447653 0.473972 0.489026 0.492658 0.485236 0.467646 0.441243 0.407749 0.369121 0.327396 0.284548 0.242351 0.202285 0.165472 0.132659 0.104233 0.0802675 0.0605813 0.0448131 0.0324893 0.0230858 0.0160776 0.010974 0.00734149 0.00481364 0.00309339 0.00194836 0.00120275 0.000727703 0.000431525 0.000250802 0.000142867 7.97633e-005 4.36465e-005 2.34082e-005 1.23044e-005 6.33874e-006 3.19981e-006 1.5814e-006 7.61849e-007 3.50048e-007 1.35424e-007 0 

0 1.51667e-033 1.58889e-033 3.25001e-033 4.8389e-033 3.94816e-033 4.79075e-033 2.55186e-033 3.68334e-033 2.55186e-033 3.77337e-033 4.85094e-033 4.85094e-033 4.85094e-033 4.85094e-033 4.85094e-033 4.85094e-033 4.85094e-033 4.85094e-033 4.85094e-033 4.85094e-033 4.85094e-033 4.85094e-033 4.85094e-033 4.85094e-033 4.85094e-033 4.85094e-033 4.85094e-033 -0.367879 -0.0769786 -0.450314 -0.162313 -0.535364 -0.243437 -0.608707 -0.305224 -0.655565 -0.334485 -0.665515 -0.324535 -0.636255 -0.277676 -0.574467 -0.204333 -0.493343 -0.119283 -0.408009 -0.0368491 0.0368491 0.109812 0.180553 0.247554 0.309264 0.364138 0.410702 0.447653 0.473972 0.489026 0.492658 0.485236 0.467646 0.441243 0.407749 0.369121 0.327396 0.284548 0.242351 0.202285 0.165472 0.132659 0.104233 0.0802675 0.0605813 0.0448131 0.0324893 0.0230858 0.0160776 0.010974 0.00734149 0.00481364 0.00309339 0.00194836 0.00120275 0.000727703 0.000431525 0.000250802 0.000142867 7.97633e-005 4.36465e-005 2.34083e-005 1.23045e-005 6.3392e-006 3.20093e-006 1.58409e-006 7.6823e-007 3.64851e-007 1.69078e-007 7.49723e-008 2.82326e-008 0 

0 1.51667e-033 1.58889e-033 3.25001e-033 4.8389e-033 3.94816e-033 4.79075e-033 2.55186e-033 3.68334e-033 2.55186e-033 3.77337e-033 4.85094e-033 4.85094e-033 4.85094e-033 4.85094e-033 4.85094e-033 4.85094e-033 4.85094e-033 4.85094e-033 4.85094e-033 4.85094e-033 4.85094e-033 4.85094e-033 4.85094e-033 4.85094e-033 4.85094e-033 -0.367879 -0.0769786 -0.450314 -0.162313 -0.535364 -0.243437 -0.608707 -0.305224 -0.655565 -0.334485 -0.665515 -0.324535 -0.636255 -0.277676 -0.574467 -0.204333 -0.493343 -0.119283 -0.408009 -0.0368491 0.0368491 0.109812 0.180553 0.247554 0.309264 0.364138 0.410702 0.447653 0.473972 0.489026 0.492658 0.485236 0.467646 0.441243 0.407749 0.369121 0.327396 0.284548 0.242351 0.202285 0.165472 0.132659 0.104233 0.0802675 0.0605813 0.0448131 0.0324893 0.0230858 0.0160776 0.010974 0.00734149 0.00481364 0.00309339 0.00194836 0.00120275 0.000727703 0.000431525 0.000250802 0.000142867 7.97633e-005 4.36465e-005 2.34083e-005 1.23045e-005 6.33921e-006 3.20096e-006 1.58416e-006 7.6841e-007 3.65304e-007 1.70194e-007 7.76672e-008 3.4613e-008 1.4803e-008 5.42135e-009 0 

0 1.51667e-033 1.58889e-033 3.25001e-033 4.8389e-033 3.94816e-033 4.79075e-033 2.55186e-033 3.68334e-033 2.55186e-033 3.77337e-033 4.85094e-033 4.85094e-033 4.85094e-033 4.85094e-033 4.85094e-033 4.85094e-033 4.85094e-033 4.85094e-033 4.85094e-033 4.85094e-033 4.85094e-033 4.85094e-033 4.85094e-033 -0.367879 -0.0769786 -0.450314 -0.162313 -0.535364 -0.243437 -0.608707 -0.305224 -0.655565 -0.334485 -0.665515 -0.324535 -0.636255 -0.277676 -0.574467 -0.204333 -0.493343 -0.119283 -0.408009 -0.0368491 0.0368491 0.109812 0.180553 0.247554 0.309264 0.364138 0.410702 0.447653 0.473972 0.489026 0.492658 0.485236 0.467646 0.441243 0.407749 0.369121 0.327396 0.284548 0.242351 0.202285 0.165472 0.132659 0.104233 0.0802675 0.0605813 0.0448131 0.0324893 0.0230858 0.0160776 0.010974 0.00734149 0.00481364 0.00309339 0.00194836 0.00120275 0.000727703 0.000431525 0.000250802 0.000142867 7.97633e-005 4.36465e-005 2.34083e-005 1.23045e-005 6.33921e-006 3.20096e-006 1.58416e-006 7.68413e-007 3.65314e-007 1.70221e-007 7.77372e-008 3.47929e-008 1.52554e-008 6.53678e-009 2.69492e-009 9.59085e-010 0 

0 1.51667e-033 1.58889e-033 3.25001e-033 4.8389e-033 3.94816e-033 4.79075e-033 2.55186e-033 3.68334e-033 2.55186e-033 3.77337e-033 4.85094e-033 4.85094e-033 4.85094e-033 4.85094e-033 4.85094e-033 4.85094e-033 4.85094e-033 4.85094e-033 4.85094e-033 4.85094e-033 4.85094e-033 -0.367879 -0.0769786 -0.450314 -0.162313 -0.535364 -0.243437 -0.608707 -0.305224 -0.655565 -0.334485 -0.665515 -0.324535 -0.636255 -0.277676 -0.574467 -0.204333 -0.493343 -0.119283 -0.408009 -0.0368491 0.0368491 0.109812 0.180553 0.247554 0.309264 0.364138 0.410702 0.447653 0.473972 0.489026 0.492658 0.485236 0.467646 0.441243 0.407749 0.369121 0.327396 0.284548 0.242351 0.202285 0.165472 0.132659 0.104233 0.0802675 0.0605813 0.0448131 0.0324893 0.0230858 0.0160776 0.010974 0.00734149 0.00481364 0.00309339 0.00194836 0.00120275 0.000727703 0.000431525 0.000250802 0.000142867 7.97633e-005 4.36465e-005 2.34083e-005 1.23045e-005 6.33921e-006 3.20096e-006 1.58416e-006 7.68413e-007 3.65314e-007 1.70221e-007 7.77386e-008 3.47965e-008 1.52654e-008 6.56352e-009 2.76496e-009 1.13892e-009 4.52424e-010 1.56343e-010 0 

0 1.51667e-033 1.58889e-033 3.25001e-033 4.8389e-033 3.94816e-033 4.79075e-033 2.55186e-033 3.68334e-033 2.55186e-033 3.77337e-033 4.85094e-033 4.85094e-033 4.85094e-033 4.85094e-033 4.85094e-033 4.85094e-033 4.85094e-033 4.85094e-033 4.85094e-033 -0.367879 -0.0769786 -0.450314 -0.162313 -0.535364 -0.243437 -0.608707 -0.305224 -0.655565 -0.334485 -0.665515 -0.324535 -0.636255 -0.277676 -0.574467 -0.204333 -0.493343 -0.119283 -0.408009 -0.0368491 0.0368491 0.109812 0.180553 0.247554 0.309264 0.364138 0.410702 0.447653 0.473972 0.489026 0.492658 0.485236 0.467646 0.441243 0.407749 0.369121 0.327396 0.284548 0.242351 0.202285 0.165472 0.132659 0.104233 0.0802675 0.0605813 0.0448131 0.0324893 0.0230858 0.0160776 0.010974 0.00734149 0.00481364 0.00309339 0.00194836 0.00120275 0.000727703 0.000431525 0.000250802 0.000142867 7.97633e-005 4.36465e-005 2.34083e-005 1.23045e-005 6.33921e-006 3.20096e-006 1.58416e-006 7.68413e-007 3.65314e-007 1.70221e-007 7.77386e-008 3.47966e-008 1.52656e-008 6.56398e-009 2.76628e-009 1.14258e-009 4.62428e-010 1.83083e-010 7.00487e-011 2.34877e-011 0 

0 1.51667e-033 1.58889e-033 3.25001e-033 4.8389e-033 3.94816e-033 4.79075e-033 2.55186e-033 3.68334e-033 2.55186e-033 3.77337e-033 4.85094e-033 4.85094e-033 4.85094e-033 4.85094e-033 4.85094e-033 4.85094e-033 4.85094e-033 -0.367879 -0.0769786 -0.450314 -0.162313 -0.535364 -0.243437 -0.608707 -0.305224 -0.655565 -0.334485 -0.665515 -0.324535 -0.636255 -0.277676 -0.574467 -0.204333 -0.493343 -0.119283 -0.408009 -0.0368491 0.0368491 0.109812 0.180553 0.247554 0.309264 0.364138 0.410702 0.447653 0.473972 0.489026 0.492658 0.485236 0.467646 0.441243 0.407749 0.369121 0.327396 0.284548 0.242351 0.202285 0.165472 0.132659 0.104233 0.0802675 0.0605813 0.0448131 0.0324893 0.0230858 0.0160776 0.010974 0.00734149 0.00481364 0.00309339 0.00194836 0.00120275 0.000727703 0.000431525 0.000250802 0.000142867 7.97633e-005 4.36465e-005 2.34083e-005 1.23045e-005 6.33921e-006 3.20096e-006 1.58416e-006 7.68413e-007 3.65314e-007 1.70221e-007 7.77386e-008 3.47966e-008 1.52656e-008 6.56399e-009 2.7663e-009 1.14264e-009 4.62588e-010 1.83547e-010 7.13667e-011 2.71552e-011 1.00037e-011 3.25253e-012 0 

0 1.51667e-033 1.58889e-033 3.25001e-033 4.8389e-033 3.94816e-033 4.79075e-033 2.55186e-033 3.68334e-033 2.55186e-033 3.77337e-033 4.85094e-033 4.85094e-033 4.85094e-033 4.85094e-033 4.85094e-033 -0.367879 -0.0769786 -0.450314 -0.162313 -0.535364 -0.243437 -0.608707 -0.305224 -0.655565 -0.334485 -0.665515 -0.324535 -0.636255 -0.277676 -0.574467 -0.204333 -0.493343 -0.119283 -0.408009 -0.0368491 0.0368491 0.109812 0.180553 0.247554 0.309264 0.364138 0.410702 0.447653 0.473972 0.489026 0.492658 0.485236 0.467646 0.441243 0.407749 0.369121 0.327396 0.284548 0.242351 0.202285 0.165472 0.132659 0.104233 0.0802675 0.0605813 0.0448131 0.0324893 0.0230858 0.0160776 0.010974 0.00734149 0.00481364 0.00309339 0.00194836 0.00120275 0.000727703 0.000431525 0.000250802 0.000142867 7.97633e-005 4.36465e-005 2.34083e-005 1.23045e-005 6.33921e-006 3.20096e-006 1.58416e-006 7.68413e-007 3.65314e-007 1.70221e-007 7.77386e-008 3.47966e-008 1.52656e-008 6.56399e-009 2.7663e-009 1.14264e-009 4.6259e-010 1.83553e-010 7.13847e-011 2.72094e-011 1.0164e-011 3.71623e-012 1.31805e-012 4.14926e-013 0 

0 1.51667e-033 1.58889e-033 3.25001e-033 4.8389e-033 3.94816e-033 4.79075e-033 2.55186e-033 3.68334e-033 2.55186e-033 3.77337e-033 4.85094e-033 4.85094e-033 4.85094e-033 -0.367879 -0.0769786 -0.450314 -0.162313 -0.535364 -0.243437 -0.608707 -0.305224 -0.655565 -0.334485 -0.665515 -0.324535 -0.636255 -0.277676 -0.574467 -0.204333 -0.493343 -0.119283 -0.408009 -0.0368491 0.0368491 0.109812 0.180553 0.247554 0.309264 0.364138 0.410702 0.447653 0.473972 0.489026 0.492658 0.485236 0.467646 0.441243 0.407749 0.369121 0.327396 0.284548 0.242351 0.202285 0.165472 0.132659 0.104233 0.0802675 0.0605813 0.0448131 0.0324893 0.0230858 0.0160776 0.010974 0.00734149 0.00481364 0.00309339 0.00194836 0.00120275 0.000727703 0.000431525 0.000250802 0.000142867 7.97633e-005 4.36465e-005 2.34083e-005 1.23045e-005 6.33921e-006 3.20096e-006 1.58416e-006 7.68413e-007 3.65314e-007 1.70221e-007 7.77386e-008 3.47966e-008 1.52656e-008 6.56399e-009 2.7663e-009 1.14264e-009 4.6259e-010 1.83553e-010 7.1385e-011 2.72098e-011 1.01659e-011 3.72212e-012 1.336e-012 4.69097e-013 1.60326e-013 4.8773e-014 0 

0 1.51667e-033 1.58889e-033 3.25001e-033 4.8389e-033 3.94816e-033 4.79075e-033 2.55186e-033 3.68334e-033 2.55186e-033 3.77337e-033 4.85094e-033 -0.367879 -0.0769786 -0.450314 -0.162313 -0.535364 -0.243437 -0.608707 -0.305224 -0.655565 -0.334485 -0.665515 -0.324535 -0.636255 -0.277676 -0.574467 -0.204333 -0.493343 -0.119283 -0.408009 -0.0368491 0.0368491 0.109812 0.180553 0.247554 0.309264 0.364138 0.410702 0.447653 0.473972 0.489026 0.492658 0.485236 0.467646 0.441243 0.407749 0.369121 0.327396 0.284548 0.242351 0.202285 0.165472 0.132659 0.104233 0.0802675 0.0605813 0.0448131 0.0324893 0.0230858 0.0160776 0.010974 0.00734149 0.00481364 0.00309339 0.00194836 0.00120275 0.000727703 0.000431525 0.000250802 0.000142867 7.97633e-005 4.36465e-005 2.34083e-005 1.23045e-005 6.33921e-006 3.20096e-006 1.58416e-006 7.68413e-007 3.65314e-007 1.70221e-007 7.77386e-008 3.47966e-008 1.52656e-008 6.56399e-009 2.7663e-009 1.14264e-009 4.6259e-010 1.83553e-010 7.1385e-011 2.72098e-011 1.01659e-011 3.72208e-012 1.3363e-012 4.6955e-013 1.62267e-013 5.46626e-014 1.79487e-014 5.39846e-015 0 

0 1.51667e-033 1.58889e-033 3.25001e-033 4.8389e-033 3.94816e-033 4.79075e-033 2.55186e-033 3.68334e-033 2.55186e-033 -0.367879 -0.0769786 -0.450314 -0.162313 -0.535364 -0.243437 -0.608707 -0.305224 -0.655565 -0.334485 -0.665515 -0.324535 -0.636255 -0.277676 -0.574467 -0.204333 -0.493343 -0.119283 -0.408009 -0.0368491 0.0368491 0.109812 0.180553 0.247554 0.309264 0.364138 0.410702 0.447653 0.473972 0.489026 0.492658 0.485236 0.467646 0.441243 0.407749 0.369121 0.327396 0.284548 0.242351 0.202285 0.165472 0.132659 0.104233 0.0802675 0.0605813 0.0448131 0.0324893 0.0230858 0.0160776 0.010974 0.00734149 0.00481364 0.00309339 0.00194836 0.00120275 0.000727703 0.000431525 0.000250802 0.000142867 7.97633e-005 4.36465e-005 2.34083e-005 1.23045e-005 6.33921e-006 3.20096e-006 1.58416e-006 7.68413e-007 3.65314e-007 1.70221e-007 7.77386e-008 3.47966e-008 1.52656e-008 6.56399e-009 2.7663e-009 1.14264e-009 4.6259e-010 1.83553e-010 7.1385e-011 2.72098e-011 1.01659e-011 3.72208e-012 1.3363e-012 4.69549e-013 1.62265e-013 5.46232e-014 1.82549e-014 5.85177e-015 1.94115e-015 4.91141e-016 0 

0 1.51667e-033 1.58889e-033 3.25001e-033 4.8389e-033 3.94816e-033 4.79075e-033 2.55186e-033 -0.367879 -0.0769786 -0.450314 -0.162313 -0.535364 -0.243437 -0.608707 -0.305224 -0.655565 -0.334485 -0.665515 -0.324535 -0.636255 -0.277676 -0.574467 -0.204333 -0.493343 -0.119283 -0.408009 -0.0368491 0.0368491 0.109812 0.180553 0.247554 0.309264 0.364138 0.410702 0.447653 0.473972 0.489026 0.492658 0.485236 0.467646 0.441243 0.407749 0.369121 0.327396 0.284548 0.242351 0.202285 0.165472 0.132659 0.104233 0.0802675 0.0605813 0.0448131 0.0324893 0.0230858 0.0160776 0.010974 0.00734149 0.00481364 0.00309339 0.00194836 0.00120275 0.000727703 0.000431525 0.000250802 0.000142867 7.97633e-005 4.36465e-005 2.34083e-005 1.23045e-005 6.33921e-006 3.20096e-006 1.58416e-006 7.68413e-007 3.65314e-007 1.70221e-007 7.77386e-008 3.47966e-008 1.52656e-008 6.56399e-009 2.7663e-009 1.14264e-009 4.6259e-010 1.83553e-010 7.1385e-011 2.72098e-011 1.01659e-011 3.72208e-012 1.3363e-012 4.69549e-013 1.62265e-013 5.46232e-014 1.82549e-014 5.85013e-015 1.93958e-015 4.51655e-016 3.06116e-016 -3.78343e-017 0 

0 1.51667e-033 1.58889e-033 3.25001e-033 4.8389e-033 3.94816e-033 -0.367879 -0.0769786 -0.450314 -0.162313 -0.535364 -0.243437 -0.608707 -0.305224 -0.655565 -0.334485 -0.665515 -0.324535 -0.636255 -0.277676 -0.574467 -0.204333 -0.493343 -0.119283 -0.408009 -0.0368491 0.0368491 0.109812 0.180553 0.247554 0.309264 0.364138 0.410702 0.447653 0.473972 0.489026 0.492658 0.485236 0.467646 0.441243 0.407749 0.369121 0.327396 0.284548 0.242351 0.202285 0.165472 0.132659 0.104233 0.0802675 0.0605813 0.0448131 0.0324893 0.0230858 0.0160776 0.010974 0.00734149 0.00481364 0.00309339 0.00194836 0.00120275 0.000727703 0.000431525 0.000250802 0.000142867 7.97633e-005 4.36465e-005 2.34083e-005 1.23045e-005 6.33921e-006 3.20096e-006 1.58416e-006 7.68413e-007 3.65314e-007 1.70221e-007 7.77386e-008 3.47966e-008 1.52656e-008 6.56399e-009 2.7663e-009 1.14264e-009 4.6259e-010 1.83553e-010 7.1385e-011 2.72098e-011 1.01659e-011 3.72208e-012 1.3363e-012 4.69549e-013 1.62265e-013 5.46232e-014 1.82549e-014 5.85013e-015 1.93958e-015 4.51666e-016 3.06129e-016 -3.94763e-017 -1.5693e-018 -1.65177e-018 0 

0 1.51667e-033 1.58889e-033 3.25001e-033 -0.367879 -0.0769786 -0.450314 -0.162313 -0.535364 -0.243437 -0.608707 -0.305224 -0.655565 -0.334485 -0.665515 -0.324535 -0.636255 -0.277676 -0.574467 -0.204333 -0.493343 -0.119283 -0.408009 -0.0368491 0.0368491 0.109812 0.180553 0.247554 0.309264 0.364138 0.410702 0.447653 0.473972 0.489026 0.492658 0.485236 0.467646 0.441243 0.407749 0.369121 0.327396 0.284548 0.242351 0.202285 0.165472 0.132659 0.104233 0.0802675 0.0605813 0.0448131 0.0324893 0.0230858 0.0160776 0.010974 0.00734149 0.00481364 0.00309339 0.00194836 0.00120275 0.000727703 0.000431525 0.000250802 0.000142867 7.97633e-005 4.36465e-005 2.34083e-005 1.23045e-005 6.33921e-006 3.20096e-006 1.58416e-006 7.68413e-007 3.65314e-007 1.70221e-007 7.77386e-008 3.47966e-008 1.52656e-008 6.56399e-009 2.7663e-009 1.14264e-009 4.6259e-010 1.83553e-010 7.1385e-011 2.72098e-011 1.01659e-011 3.72208e-012 1.3363e-012 4.69549e-013 1.62265e-013 5.46232e-014 1.82549e-014 5.85013e-015 1.93958e-015 4.51666e-016 3.06129e-016 -3.94751e-017 -1.5668e-018 -1.6408e-018 1.32472e-020 9.73616e-021 0 

0 1.51667e-033 -0.367879 -0.0769786 -0.450314 -0.162313 -0.535364 -0.243437 -0.608707 -0.305224 -0.655565 -0.334485 -0.665515 -0.324535 -0.636255 -0.277676 -0.574467 -0.204333 -0.493343 -0.119283 -0.408009 -0.0368491 0.0368491 0.109812 0.180553 0.247554 0.309264 0.364138 0.410702 0.447653 0.473972 0.489026 0.492658 0.485236 0.467646 0.441243 0.407749 0.369121 0.327396 0.284548 0.242351 0.202285 0.165472 0.132659 0.104233 0.0802675 0.0605813 0.0448131 0.0324893 0.0230858 0.0160776 0.010974 0.00734149 0.00481364 0.00309339 0.00194836 0.00120275 0.000727703 0.000431525 0.000250802 0.000142867 7.97633e-005 4.36465e-005 2.34083e-005 1.23045e-005 6.33921e-006 3.20096e-006 1.58416e-006 7.68413e-007 3.65314e-007 1.70221e-007 7.77386e-008 3.47966e-008 1.52656e-008 6.56399e-009 2.7663e-009 1.14264e-009 4.6259e-010 1.83553e-010 7.1385e-011 2.72098e-011 1.01659e-011 3.72208e-012 1.3363e-012 4.69549e-013 1.62265e-013 5.46232e-014 1.82549e-014 5.85013e-015 1.93958e-015 4.51666e-016 3.06129e-016 -3.94751e-017 -1.5668e-018 -1.6408e-018 1.32467e-020 1.09738e-020 2.5039e-021 1.23767e-021 0 

0 -0.0769786 -0.450314 -0.162313 -0.535364 -0.243437 -0.608707 -0.305224 -0.655565 -0.334485 -0.665515 -0.324535 -0.636255 -0.277676 -0.574467 -0.204333 -0.493343 -0.119283 -0.408009 -0.0368491 0.0368491 0.109812 0.180553 0.247554 0.309264 0.364138 0.410702 0.447653 0.473972 0.489026 0.492658 0.485236 0.467646 0.441243 0.407749 0.369121 0.327396 0.284548 0.242351 0.202285 0.165472 0.132659 0.104233 0.0802675 0.0605813 0.0448131 0.0324893 0.0230858 0.0160776 0.010974 0.00734149 0.00481364 0.00309339 0.00194836 0.00120275 0.000727703 0.000431525 0.000250802 0.000142867 7.97633e-005 4.36465e-005 2.34083e-005 1.23045e-005 6.33921e-006 3.20096e-006 1.58416e-006 7.68413e-007 3.65314e-007 1.70221e-007 7.77386e-008 3.47966e-008 1.52656e-008 6.56399e-009 2.7663e-009 1.14264e-009 4.6259e-010 1.83553e-010 7.1385e-011 2.72098e-011 1.01659e-011 3.72208e-012 1.3363e-012 4.69549e-013 1.62265e-013 5.46232e-014 1.82549e-014 5.85013e-015 1.93958e-015 4.51666e-016 3.06129e-016 -3.94751e-017 -1.5668e-018 -1.6408e-018 1.32467e-020 1.09738e-020 2.5039e-021 1.23768e-021 -4.28332e-025 2.51164e-027 0 

0 -0.085334 -0.167484 -0.243437 -0.608707 -0.305224 -0.655565 -0.334485 -0.665515 -0.324535 -0.636255 -0.277676 -0.574467 -0.204333 -0.493343 -0.119283 -0.408009 -0.0368491 0.0368491 0.109812 0.180553 0.247554 0.309264 0.364138 0.410702 0.447653 0.473972 0.489026 0.492658 0.485236 0.467646 0.441243 0.407749 0.369121 0.327396 0.284548 0.242351 0.202285 0.165472 0.132659 0.104233 0.0802675 0.0605813 0.0448131 0.0324893 0.0230858 0.0160776 0.010974 0.00734149 0.00481364 0.00309339 0.00194836 0.00120275 0.000727703 0.000431525 0.000250802 0.000142867 7.97633e-005 4.36465e-005 2.34083e-005 1.23045e-005 6.33921e-006 3.20096e-006 1.58416e-006 7.68413e-007 3.65314e-007 1.70221e-007 7.77386e-008 3.47966e-008 1.52656e-008 6.56399e-009 2.7663e-009 1.14264e-009 4.6259e-010 1.83553e-010 7.1385e-011 2.72098e-011 1.01659e-011 3.72208e-012 1.3363e-012 4.69549e-013 1.62265e-013 5.46232e-014 1.82549e-014 5.85013e-015 1.93958e-015 4.51666e-016 3.06129e-016 -3.94751e-017 -1.5668e-018 -1.6408e-018 1.32467e-020 1.09738e-020 2.5039e-021 1.23768e-021 -4.28332e-025 2.51164e-027 -1.70324e-033 -7.28242e-034 0 

0 -0.0811245 -0.158393 -0.228246 -0.287686 -0.334485 -0.665515 -0.324535 -0.636255 -0.277676 -0.574467 -0.204333 -0.493343 -0.119283 -0.408009 -0.0368491 0.0368491 0.109812 0.180553 0.247554 0.309264 0.364138 0.410702 0.447653 0.473972 0.489026 0.492658 0.485236 0.467646 0.441243 0.407749 0.369121 0.327396 0.284548 0.242351 0.202285 0.165472 0.132659 0.104233 0.0802675 0.0605813 0.0448131 0.0324893 0.0230858 0.0160776 0.010974 0.00734149 0.00481364 0.00309339 0.00194836 0.00120275 0.000727703 0.000431525 0.000250802 0.000142867 7.97633e-005 4.36465e-005 2.34083e-005 1.23045e-005 6.33921e-006 3.20096e-006 1.58416e-006 7.68413e-007 3.65314e-007 1.70221e-007 7.77386e-008 3.47966e-008 1.52656e-008 6.56399e-009 2.7663e-009 1.14264e-009 4.6259e-010 1.83553e-010 7.1385e-011 2.72098e-011 1.01659e-011 3.72208e-012 1.3363e-012 4.69549e-013 1.62265e-013 5.46232e-014 1.82549e-014 5.85013e-015 1.93958e-015 4.51666e-016 3.06129e-016 -3.94751e-017 -1.5668e-018 -1.6408e-018 1.32467e-020 1.09738e-020 2.5039e-021 1.23768e-021 -4.28332e-025 2.51164e-027 -1.60695e-033 -2.37732e-033 -1.70324e-033 -7.28242e-034 0 

0 -0.0617874 -0.120201 -0.172172 -0.215201 -0.247556 -0.268375 -0.277676 -0.574467 -0.204333 -0.493343 -0.119283 -0.408009 -0.0368491 0.0368491 0.109812 0.180553 0.247554 0.309264 0.364138 0.410702 0.447653 0.473972 0.489026 0.492658 0.485236 0.467646 0.441243 0.407749 0.369121 0.327396 0.284548 0.242351 0.202285 0.165472 0.132659 0.104233 0.0802675 0.0605813 0.0448131 0.0324893 0.0230858 0.0160776 0.010974 0.00734149 0.00481364 0.00309339 0.00194836 0.00120275 0.000727703 0.000431525 0.000250802 0.000142867 7.97633e-005 4.36465e-005 2.34083e-005 1.23045e-005 6.33921e-006 3.20096e-006 1.58416e-006 7.68413e-007 3.65314e-007 1.70221e-007 7.77386e-008 3.47966e-008 1.52656e-008 6.56399e-009 2.7663e-009 1.14264e-009 4.6259e-010 1.83553e-010 7.1385e-011 2.72098e-011 1.01659e-011 3.72208e-012 1.3363e-012 4.69549e-013 1.62265e-013 5.46232e-014 1.82549e-014 5.85013e-015 1.93958e-015 4.51666e-016 3.06129e-016 -3.94751e-017 -1.5668e-018 -1.6408e-018 1.32467e-020 1.09738e-020 2.5039e-021 1.23768e-021 -4.28332e-025 2.51164e-027 -1.60695e-033 -1.60695e-033 -1.60695e-033 -2.37732e-033 -1.70324e-033 -7.28242e-034 0 

0 -0.0292604 -0.0568084 -0.0810976 -0.100891 -0.115364 -0.124154 -0.127355 -0.125463 -0.119283 -0.408009 -0.0368491 0.0368491 0.109812 0.180553 0.247554 0.309264 0.364138 0.410702 0.447653 0.473972 0.489026 0.492658 0.485236 0.467646 0.441243 0.407749 0.369121 0.327396 0.284548 0.242351 0.202285 0.165472 0.132659 0.104233 0.0802675 0.0605813 0.0448131 0.0324893 0.0230858 0.0160776 0.010974 0.00734149 0.00481364 0.00309339 0.00194836 0.00120275 0.000727703 0.000431525 0.000250802 0.000142867 7.97633e-005 4.36465e-005 2.34083e-005 1.23045e-005 6.33921e-006 3.20096e-006 1.58416e-006 7.68413e-007 3.65314e-007 1.70221e-007 7.77386e-008 3.47966e-008 1.52656e-008 6.56399e-009 2.7663e-009 1.14264e-009 4.6259e-010 1.83553e-010 7.1385e-011 2.72098e-011 1.01659e-011 3.72208e-012 1.3363e-012 4.69549e-013 1.62265e-013 5.46232e-014 1.82549e-014 5.85013e-015 1.93958e-015 4.51666e-016 3.06129e-016 -3.94751e-017 -1.5668e-018 -1.6408e-018 1.32467e-020 1.09738e-020 2.5039e-021 1.23768e-021 -4.28332e-025 2.51164e-027 -1.60695e-033 -1.60695e-033 -1.60695e-033 -1.60695e-033 -1.60695e-033 -2.37732e-033 -1.70324e-033 -7.28242e-034 0 

0 0.00995017 0.0193102 0.027548 0.0342394 0.0391036 0.0420208 0.0430291 0.0423049 0.0401295 0.404729 0.109812 0.180553 0.247554 0.309264 0.364138 0.410702 0.447653 0.473972 0.489026 0.492658 0.485236 0.467646 0.441243 0.407749 0.369121 0.327396 0.284548 0.242351 0.202285 0.165472 0.132659 0.104233 0.0802675 0.0605813 0.0448131 0.0324893 0.0230858 0.0160776 0.010974 0.00734149 0.00481364 0.00309339 0.00194836 0.00120275 0.000727703 0.000431525 0.000250802 0.000142867 7.97633e-005 4.36465e-005 2.34083e-005 1.23045e-005 6.33921e-006 3.20096e-006 1.58416e-006 7.68413e-007 3.65314e-007 1.70221e-007 7.77386e-008 3.47966e-008 1.52656e-008 6.56399e-009 2.7663e-009 1.14264e-009 4.6259e-010 1.83553e-010 7.1385e-011 2.72098e-011 1.01659e-011 3.72208e-012 1.3363e-012 4.69549e-013 1.62265e-013 5.46232e-014 1.82549e-014 5.85013e-015 1.93958e-015 4.51666e-016 3.06129e-016 -3.94751e-017 -1.5668e-018 -1.6408e-018 1.32467e-020 1.09738e-020 2.5039e-021 1.23768e-021 -4.28332e-025 2.51164e-027 -1.60695e-033 -1.60695e-033 -1.60695e-033 -1.60695e-033 -1.60695e-033 -1.60695e-033 -1.60695e-033 -2.37732e-033 -1.70324e-033 -7.28242e-034 0 

