0 0 0 0 0 0 0 0 0 0 0 0 0 0 0 0 0 0 0 0 0 0 0 0 0 0 0 0 0 0 0 0 0 0 0 0 0 0 0 0 0 0 0 0 0 0 0 0 0 0 0 0 0 0 0 0 0 0 0 0 0 0 0 0 0 0 0 0 0 0 0 0 0 0 0 0 0 0 0 0 0 0 0 0 0 0 0 0 0 0 0 0 0 0 0 0 0 0 0 0 

0 0 0 0 0 0 0 0 0 0 0 0 0 0 0 0 0 0 0 0 0 0 0 0 0 0 0 0 0 0 0 0 0 0 0 0 0 0 0 0 0 0 0 0 0 0 0 0 0 0 0 0 0 0 0 0 0 0 0 0 0 0 0 0 0 0 0 0 0 0 0 0 0 0 0 0 0 0 0 0 0 0 0 0 0 0 0 0 0 0 0 0 0 0 0 0 0 0 0 0 

0 0 0 0 0 0 0 0 0 0 0 0 0 0 0 0 0 0 0 0 0 0 0 0 0 0 0 0 0 0 0 0 0 0 0 0 0 0 0 0 0 0 0 0 0 0 0 0 0 0 0 0 0 0 0 0 0 0 0 0 0 0 0 0 0 0 0 0 0 0 0 0 0 0 0 0 0 0 0 0 0 0 0 0 0 0 0 0 0 0 0 0 0 0 0 0 0 0 0 0 

0 0 0 0 0 0 0 0 0 0 0 0 0 0 0 0 0 0 0 0 0 0 0 0 0 0 0 0 0 0 0 0 0 0 0 0 0 0 0 0 0 0 0 0 0 0 0 0 0 0 0 0 0 0 0 0 0 0 0 0 0 0 0 0 0 0 0 0 0 0 0 0 0 0 0 0 0 0 0 0 0 0 0 0 0 0 0 0 0 0 0 0 0 0 0 0 0 0 0 0 

0 0 0 0 0 0 0 0 0 0 0 0 0 0 0 0 0 0 0 0 0 0 0 0 0 0 0 0 0 0 0 0 0 0 0 0 0 0 0 0 0 0 0 0 0 0 0 0 0 0 0 0 0 0 0 0 0 0 0 0 0 0 0 0 0 0 0 0 0 0 0 0 0 0 0 0 0 0 0 0 0 0 0 0 0 0 0 0 0 0 0 0 0 0 0 0 0 0 0 0 

0 0 0 0 0 0 0 0 0 0 0 0 0 0 0 0 0 0 0 0 0 0 0 0 0 0 0 0 0 0 0 0 0 0 0 0 0 0 0 0 0 0 0 0 0 0 0 0 0 0 0 0 0 0 0 0 0 0 0 0 0 0 0 0 0 0 0 0 0 0 0 0 0 0 0 0 0 0 0 0 0 0 0 0 0 0 0 0 0 0 0 0 0 0 0 0 0 0 0 0 

0 0 0 0 0 0 0 0 0 0 0 0 0 0 0 0 0 0 0 0 0 0 0 0 0 0 0 0 0 0 0 0 0 0 0 0 0 0 0 0 0 0 0 0 0 0 0 0 0 0 0 0 0 0 0 0 0 0 0 0 0 0 0 0 0 0 0 0 0 0 0 0 0 0 0 0 0 0 0 0 0 0 0 0 0 0 0 0 0 0 0 0 0 0 0 0 0 0 0 0 

0 0 0 0 0 0 0 0 0 0 0 0 0 0 0 0 0 0 0 0 0 0 0 0 0 0 0 0 0 0 0 0 0 0 0 0 0 0 0 0 0 0 0 0 0 0 0 0 0 0 0 0 0 0 0 0 0 0 0 0 0 0 0 0 0 0 0 0 0 0 0 0 0 0 0 0 0 0 0 0 0 0 0 0 0 0 0 0 0 0 0 0 0 0 0 0 0 0 0 0 

0 0 0 0 0 0 0 0 0 0 0 0 0 0 0 0 0 0 0 0 0 0 0 0 0 0 0 0 0 0 0 0 0 0 0 0 0 0 0 0 0 0 0 0 0 0 0 0 0 0 0 0 0 0 0 0 0 0 0 0 0 0 0 0 0 0 0 0 0 0 0 0 0 0 0 0 0 0 0 0 0 0 0 0 0 0 0 0 0 0 0 0 0 0 0 0 0 0 0 0 

0 0 0 0 0 0 0 0 0 0 0 0 0 0 0 0 0 0 0 0 0 0 0 0 0 0 0 0 0 0 0 0 0 0 0 0 0 0 0 0 0 0 0 0 0 0 0 0 0 0 0 0 0 0 0 0 0 0 0 0 0 0 0 0 0 0 0 0 0 0 0 0 0 0 0 0 0 0 0 0 0 0 0 0 0 0 0 0 0 0 0 0 0 0 0 0 0 0 0 0 

0 0 0 0 0 0 0 0 0 0 0 0 0 0 0 0 0 0 0 0 0 0 0 0 0 0 0 0 0 0 0 0 0 0 0 0 0 0 0 0 0 0 0 0 0 0 0 0 0 0 0 0 0 0 0 0 0 0 0 0 0 0 0 0 0 0 0 0 0 0 0 0 0 0 0 0 0 0 0 0 0 0 0 0 0 0 0 0 0 0 0 0 0 0 0 0 0 0 0 0 

0 0 0 0 0 0 0 0 0 0 0 0 0 0 0 0 0 0 0 0 0 0 0 0 0 0 0 0 0 0 0 0 0 0 0 0 0 0 0 0 0 0 0 0 0 0 0 0 0 0 0 0 0 0 0 0 0 0 0 0 0 0 0 0 0 0 0 0 0 0 0 0 0 0 0 0 0 0 0 0 0 0 0 0 0 0 0 0 0 0 0 0 0 0 0 0 0 0 0 0 

0 0 0 0 0 0 0 0 0 0 0 0 0 0 0 0 0 0 0 0 0 0 0 0 0 0 0 0 0 0 0 0 0 0 0 0 0 0 0 0 0 0 0 0 0 0 0 0 0 0 0 0 0 0 0 0 0 0 0 0 0 0 0 0 0 0 0 0 0 0 0 0 0 0 0 0 0 0 0 0 0 0 0 0 0 0 0 0 0 0 0 0 0 0 0 0 0 0 0 0 

0 0 0 0 0 0 0 0 0 0 0 0 0 0 0 0 0 0 0 0 0 0 0 0 0 0 0 0 0 0 0 0 0 0 0 0 0 0 0 0 0 0 0 0 0 0 0 0 0 0 0 0 0 0 0 0 0 0 0 0 0 0 0 0 0 0 0 0 0 0 0 0 0 0 0 0 0 0 0 0 0 0 0 0 0 0 0 0 0 0 0 0 0 0 0 0 0 0 0 0 

0 0 0 0 0 0 0 0 0 0 0 0 0 0 0 0 0 0 0 0 0 0 0 0 0 0 0 0 0 0 0 0 0 0 0 0 0 0 0 0 0 0 0 0 0 0 0 0 0 0 0 0 0 0 0 0 0 0 0 0 0 0 0 0 0 0 0 0 0 0 0 0 0 0 0 0 0 0 0 0 0 0 0 0 0 0 0 0 0 0 0 0 0 0 0 0 0 0 0 0 

0 0 0 0 0 0 0 0 0 0 0 0 0 0 0 0 0 0 0 0 0 0 0 0 0 0 0 0 0 0 0 0 0 0 0 0 0 0 0 0 0 0 0 0 0 0 0 0 0 0 0 0 0 0 0 0 0 0 0 0 0 0 0 0 0 0 0 0 0 0 0 0 0 0 0 0 0 0 0 0 0 0 0 0 0 0 0 0 0 0 0 0 0 0 0 0 0 0 0 0 

0 0 0 0 0 0 0 0 0 0 0 0 0 0 0 0 0 0 0 0 0 0 0 0 0 0 0 0 0 0 0 0 0 0 0 0 0 0 0 0 0 0 0 0 0 0 0 0 0 0 0 0 0 0 0 0 0 0 0 0 0 0 0 0 0 0 0 0 0 0 0 0 0 0 0 0 0 0 0 0 0 0 0 0 0 0 0 0 0 0 0 0 0 0 0 0 0 0 0 0 

0 0 0 0 0 0 0 0 0 0 0 0 0 0 0 0 0 0 0 0 0 0 0 0 0 0 0 0 0 0 0 0 0 0 0 0 0 0 0 0 0 0 0 0 0 0 0 0 0 0 0 0 0 0 0 0 0 0 0 0 0 0 0 0 0 0 0 0 0 0 0 0 0 0 0 0 0 0 0 0 0 0 0 0 0 0 0 0 0 0 0 0 0 0 0 0 0 0 0 0 

0 0 0 0 0 0 0 0 0 0 0 0 0 0 0 0 0 0 0 0 0 0 0 0 0 0 0 0 0 0 0 0 0 0 0 0 0 0 0 0 0 0 0 0 0 0 0 0 0 0 0 0 0 0 0 0 0 0 0 0 0 0 0 0 0 0 0 0 0 0 0 0 0 0 0 0 0 0 0 0 0 0 0 0 0 0 0 0 0 0 0 0 0 0 0 0 0 0 0 0 

0 0 0 0 0 0 0 0 0 0 0 0 0 0 0 0 0 0 0 0 0 0 0 0 0 0 0 0 0 0 0 0 0 0 0 0 0 0 0 0 0 0 0 0 0 0 0 0 0 0 0 0 0 0 0 0 0 0 0 0 0 0 0 0 0 0 0 0 0 0 0 0 0 0 0 0 0 0 0 0 0 0 0 0 0 0 0 0 0 0 0 0 0 0 0 0 0 0 0 0 

1.47152 1.47152 0 0 0 0 0 0 0 0 0 0 0 0 0 0 0 0 0 0 0 0 0 0 0 0 0 0 0 0 0 0 0 0 0 0 0 0 0 0 0 0 0 0 0 0 0 0 0 0 0 0 0 0 0 0 0 0 0 0 0 0 0 0 0 0 0 0 0 0 0 0 0 0 0 0 0 0 0 0 0 0 0 0 0 0 0 0 0 0 0 0 0 0 0 0 0 0 0 0 

1.80126 1.80126 0.307915 1.47152 0 0 0 0 0 0 0 0 0 0 0 0 0 0 0 0 0 0 0 0 0 0 0 0 0 0 0 0 0 0 0 0 0 0 0 0 0 0 0 0 0 0 0 0 0 0 0 0 0 0 0 0 0 0 0 0 0 0 0 0 0 0 0 0 0 0 0 0 0 0 0 0 0 0 0 0 0 0 0 0 0 0 0 0 0 0 0 0 0 0 0 0 0 0 0 0 

2.14145 2.14145 0.64925 1.80126 0.307915 1.47152 0 0 0 0 0 0 0 0 0 0 0 0 0 0 0 0 0 0 0 0 0 0 0 0 0 0 0 0 0 0 0 0 0 0 0 0 0 0 0 0 0 0 0 0 0 0 0 0 0 0 0 0 0 0 0 0 0 0 0 0 0 0 0 0 0 0 0 0 0 0 0 0 0 0 0 0 0 0 0 0 0 0 0 0 0 0 0 0 0 0 0 0 0 0 

2.43483 2.43483 0.973748 2.14145 0.64925 1.80126 0.307915 1.47152 0 0 0 0 0 0 0 0 0 0 0 0 0 0 0 0 0 0 0 0 0 0 0 0 0 0 0 0 0 0 0 0 0 0 0 0 0 0 0 0 0 0 0 0 0 0 0 0 0 0 0 0 0 0 0 0 0 0 0 0 0 0 0 0 0 0 0 0 0 0 0 0 0 0 0 0 0 0 0 0 0 0 0 0 0 0 0 0 0 0 0 0 

2.62226 2.62226 1.2209 2.43483 0.973748 2.14145 0.64925 1.80126 0.307915 1.47152 0 0 0 0 0 0 0 0 0 0 0 0 0 0 0 0 0 0 0 0 0 0 0 0 0 0 0 0 0 0 0 0 0 0 0 0 0 0 0 0 0 0 0 0 0 0 0 0 0 0 0 0 0 0 0 0 0 0 0 0 0 0 0 0 0 0 0 0 0 0 0 0 0 0 0 0 0 0 0 0 0 0 0 0 0 0 0 0 0 0 

2.66206 2.66206 1.33794 2.62226 1.2209 2.43483 0.973748 2.14145 0.64925 1.80126 0.307915 1.47152 0 0 0 0 0 0 0 0 0 0 0 0 0 0 0 0 0 0 0 0 0 0 0 0 0 0 0 0 0 0 0 0 0 0 0 0 0 0 0 0 0 0 0 0 0 0 0 0 0 0 0 0 0 0 0 0 0 0 0 0 0 0 0 0 0 0 0 0 0 0 0 0 0 0 0 0 0 0 0 0 0 0 0 0 0 0 0 0 

2.54502 2.54502 1.29814 2.66206 1.33794 2.62226 1.2209 2.43483 0.973748 2.14145 0.64925 1.80126 0.307915 1.47152 0 0 0 0 0 0 0 0 0 0 0 0 0 0 0 0 0 0 0 0 0 0 0 0 0 0 0 0 0 0 0 0 0 0 0 0 0 0 0 0 0 0 0 0 0 0 0 0 0 0 0 0 0 0 0 0 0 0 0 0 0 0 0 0 0 0 0 0 0 0 0 0 0 0 0 0 0 0 0 0 0 0 0 0 0 0 

2.29787 2.29787 1.11071 2.54502 1.29814 2.66206 1.33794 2.62226 1.2209 2.43483 0.973748 2.14145 0.64925 1.80126 0.307915 1.47152 0 0 0 0 0 0 0 0 0 0 0 0 0 0 0 0 0 0 0 0 0 0 0 0 0 0 0 0 0 0 0 0 0 0 0 0 0 0 0 0 0 0 0 0 0 0 0 0 0 0 0 0 0 0 0 0 0 0 0 0 0 0 0 0 0 0 0 0 0 0 0 0 0 0 0 0 0 0 0 0 0 0 0 0 

1.97337 1.97337 0.817334 2.29787 1.11071 2.54502 1.29814 2.66206 1.33794 2.62226 1.2209 2.43483 0.973748 2.14145 0.64925 1.80126 0.307915 1.47152 0 0 0 0 0 0 0 0 0 0 0 0 0 0 0 0 0 0 0 0 0 0 0 0 0 0 0 0 0 0 0 0 0 0 0 0 0 0 0 0 0 0 0 0 0 0 0 0 0 0 0 0 0 0 0 0 0 0 0 0 0 0 0 0 0 0 0 0 0 0 0 0 0 0 0 0 0 0 0 0 0 0 

1.63204 1.63204 0.477134 1.97337 0.817334 2.29787 1.11071 2.54502 1.29814 2.66206 1.33794 2.62226 1.2209 2.43483 0.973748 2.14145 0.64925 1.80126 0.307915 1.47152 0 0 0 0 0 0 0 0 0 0 0 0 0 0 0 0 0 0 0 0 0 0 0 0 0 0 0 0 0 0 0 0 0 0 0 0 0 0 0 0 0 0 0 0 0 0 0 0 0 0 0 0 0 0 0 0 0 0 0 0 0 0 0 0 0 0 0 0 0 0 0 0 0 0 0 0 0 0 0 0 

-0.147397 -0.147397 0.147397 1.63204 0.477134 1.97337 0.817334 2.29787 1.11071 2.54502 1.29814 2.66206 1.33794 2.62226 1.2209 2.43483 0.973748 2.14145 0.64925 1.80126 0.307915 1.47152 0 0 0 0 0 0 0 0 0 0 0 0 0 0 0 0 0 0 0 0 0 0 0 0 0 0 0 0 0 0 0 0 0 0 0 0 0 0 0 0 0 0 0 0 0 0 0 0 0 0 0 0 0 0 0 0 0 0 0 0 0 0 0 0 0 0 0 0 0 0 0 0 0 0 0 0 0 0 

-0.722212 -0.722212 -0.439247 -0.147397 0.147397 1.63204 0.477134 1.97337 0.817334 2.29787 1.11071 2.54502 1.29814 2.66206 1.33794 2.62226 1.2209 2.43483 0.973748 2.14145 0.64925 1.80126 0.307915 1.47152 0 0 0 0 0 0 0 0 0 0 0 0 0 0 0 0 0 0 0 0 0 0 0 0 0 0 0 0 0 0 0 0 0 0 0 0 0 0 0 0 0 0 0 0 0 0 0 0 0 0 0 0 0 0 0 0 0 0 0 0 0 0 0 0 0 0 0 0 0 0 0 0 0 0 0 0 

-1.23706 -1.23706 -0.990215 -0.722212 -0.439247 -0.147397 0.147397 1.63204 0.477134 1.97337 0.817334 2.29787 1.11071 2.54502 1.29814 2.66206 1.33794 2.62226 1.2209 2.43483 0.973748 2.14145 0.64925 1.80126 0.307915 1.47152 0 0 0 0 0 0 0 0 0 0 0 0 0 0 0 0 0 0 0 0 0 0 0 0 0 0 0 0 0 0 0 0 0 0 0 0 0 0 0 0 0 0 0 0 0 0 0 0 0 0 0 0 0 0 0 0 0 0 0 0 0 0 0 0 0 0 0 0 0 0 0 0 0 0 

-1.64281 -1.64281 -1.45655 -1.23706 -0.990215 -0.722212 -0.439247 -0.147397 0.147397 1.63204 0.477134 1.97337 0.817334 2.29787 1.11071 2.54502 1.29814 2.66206 1.33794 2.62226 1.2209 2.43483 0.973748 2.14145 0.64925 1.80126 0.307915 1.47152 0 0 0 0 0 0 0 0 0 0 0 0 0 0 0 0 0 0 0 0 0 0 0 0 0 0 0 0 0 0 0 0 0 0 0 0 0 0 0 0 0 0 0 0 0 0 0 0 0 0 0 0 0 0 0 0 0 0 0 0 0 0 0 0 0 0 0 0 0 0 0 0 

-1.89589 -1.89589 -1.79061 -1.64281 -1.45655 -1.23706 -0.990215 -0.722212 -0.439247 -0.147397 0.147397 1.63204 0.477134 1.97337 0.817334 2.29787 1.11071 2.54502 1.29814 2.66206 1.33794 2.62226 1.2209 2.43483 0.973748 2.14145 0.64925 1.80126 0.307915 1.47152 0 0 0 0 0 0 0 0 0 0 0 0 0 0 0 0 0 0 0 0 0 0 0 0 0 0 0 0 0 0 0 0 0 0 0 0 0 0 0 0 0 0 0 0 0 0 0 0 0 0 0 0 0 0 0 0 0 0 0 0 0 0 0 0 0 0 0 0 0 0 

-1.97063 -1.97063 -1.9561 -1.89589 -1.79061 -1.64281 -1.45655 -1.23706 -0.990215 -0.722212 -0.439247 -0.147397 0.147397 1.63204 0.477134 1.97337 0.817334 2.29787 1.11071 2.54502 1.29814 2.66206 1.33794 2.62226 1.2209 2.43483 0.973748 2.14145 0.64925 1.80126 0.307915 1.47152 0 0 0 0 0 0 0 0 0 0 0 0 0 0 0 0 0 0 0 0 0 0 0 0 0 0 0 0 0 0 0 0 0 0 0 0 0 0 0 0 0 0 0 0 0 0 0 0 0 0 0 0 0 0 0 0 0 0 0 0 0 0 0 0 0 0 0 0 

-1.87058 -1.87058 -1.94094 -1.97063 -1.9561 -1.89589 -1.79061 -1.64281 -1.45655 -1.23706 -0.990215 -0.722212 -0.439247 -0.147397 0.147397 1.63204 0.477134 1.97337 0.817334 2.29787 1.11071 2.54502 1.29814 2.66206 1.33794 2.62226 1.2209 2.43483 0.973748 2.14145 0.64925 1.80126 0.307915 1.47152 0 0 0 0 0 0 0 0 0 0 0 0 0 0 0 0 0 0 0 0 0 0 0 0 0 0 0 0 0 0 0 0 0 0 0 0 0 0 0 0 0 0 0 0 0 0 0 0 0 0 0 0 0 0 0 0 0 0 0 0 0 0 0 0 0 0 

-1.631 -1.631 -1.76497 -1.87058 -1.94094 -1.97063 -1.9561 -1.89589 -1.79061 -1.64281 -1.45655 -1.23706 -0.990215 -0.722212 -0.439247 -0.147397 0.147397 1.63204 0.477134 1.97337 0.817334 2.29787 1.11071 2.54502 1.29814 2.66206 1.33794 2.62226 1.2209 2.43483 0.973748 2.14145 0.64925 1.80126 0.307915 1.47152 0 0 0 0 0 0 0 0 0 0 0 0 0 0 0 0 0 0 0 0 0 0 0 0 0 0 0 0 0 0 0 0 0 0 0 0 0 0 0 0 0 0 0 0 0 0 0 0 0 0 0 0 0 0 0 0 0 0 0 0 0 0 0 0 

-1.30958 -1.30958 -1.47648 -1.631 -1.76497 -1.87058 -1.94094 -1.97063 -1.9561 -1.89589 -1.79061 -1.64281 -1.45655 -1.23706 -0.990215 -0.722212 -0.439247 -0.147397 0.147397 1.63204 0.477134 1.97337 0.817334 2.29787 1.11071 2.54502 1.29814 2.66206 1.33794 2.62226 1.2209 2.43483 0.973748 2.14145 0.64925 1.80126 0.307915 1.47152 0 0 0 0 0 0 0 0 0 0 0 0 0 0 0 0 0 0 0 0 0 0 0 0 0 0 0 0 0 0 0 0 0 0 0 0 0 0 0 0 0 0 0 0 0 0 0 0 0 0 0 0 0 0 0 0 0 0 0 0 0 0 

-0.969404 -0.969404 -1.13819 -1.30958 -1.47648 -1.631 -1.76497 -1.87058 -1.94094 -1.97063 -1.9561 -1.89589 -1.79061 -1.64281 -1.45655 -1.23706 -0.990215 -0.722212 -0.439247 -0.147397 0.147397 1.63204 0.477134 1.97337 0.817334 2.29787 1.11071 2.54502 1.29814 2.66206 1.33794 2.62226 1.2209 2.43483 0.973748 2.14145 0.64925 1.80126 0.307915 1.47152 0 0 0 0 0 0 0 0 0 0 0 0 0 0 0 0 0 0 0 0 0 0 0 0 0 0 0 0 0 0 0 0 0 0 0 0 0 0 0 0 0 0 0 0 0 0 0 0 0 0 0 0 0 0 0 0 0 0 0 0 

-0.661886 -0.661886 -0.809138 -0.969404 -1.13819 -1.30958 -1.47648 -1.631 -1.76497 -1.87058 -1.94094 -1.97063 -1.9561 -1.89589 -1.79061 -1.64281 -1.45655 -1.23706 -0.990215 -0.722212 -0.439247 -0.147397 0.147397 1.63204 0.477134 1.97337 0.817334 2.29787 1.11071 2.54502 1.29814 2.66206 1.33794 2.62226 1.2209 2.43483 0.973748 2.14145 0.64925 1.80126 0.307915 1.47152 0 0 0 0 0 0 0 0 0 0 0 0 0 0 0 0 0 0 0 0 0 0 0 0 0 0 0 0 0 0 0 0 0 0 0 0 0 0 0 0 0 0 0 0 0 0 0 0 0 0 0 0 0 0 0 0 0 0 

-0.416933 -0.416933 -0.530635 -0.661886 -0.809138 -0.969404 -1.13819 -1.30958 -1.47648 -1.631 -1.76497 -1.87058 -1.94094 -1.97063 -1.9561 -1.89589 -1.79061 -1.64281 -1.45655 -1.23706 -0.990215 -0.722212 -0.439247 -0.147397 0.147397 1.63204 0.477134 1.97337 0.817334 2.29787 1.11071 2.54502 1.29814 2.66206 1.33794 2.62226 1.2209 2.43483 0.973748 2.14145 0.64925 1.80126 0.307915 1.47152 0 0 0 0 0 0 0 0 0 0 0 0 0 0 0 0 0 0 0 0 0 0 0 0 0 0 0 0 0 0 0 0 0 0 0 0 0 0 0 0 0 0 0 0 0 0 0 0 0 0 0 0 0 0 0 0 

-0.242325 -0.242325 -0.32107 -0.416933 -0.530635 -0.661886 -0.809138 -0.969404 -1.13819 -1.30958 -1.47648 -1.631 -1.76497 -1.87058 -1.94094 -1.97063 -1.9561 -1.89589 -1.79061 -1.64281 -1.45655 -1.23706 -0.990215 -0.722212 -0.439247 -0.147397 0.147397 1.63204 0.477134 1.97337 0.817334 2.29787 1.11071 2.54502 1.29814 2.66206 1.33794 2.62226 1.2209 2.43483 0.973748 2.14145 0.64925 1.80126 0.307915 1.47152 0 0 0 0 0 0 0 0 0 0 0 0 0 0 0 0 0 0 0 0 0 0 0 0 0 0 0 0 0 0 0 0 0 0 0 0 0 0 0 0 0 0 0 0 0 0 0 0 0 0 0 0 0 0 

-0.129957 -0.129957 -0.179252 -0.242325 -0.32107 -0.416933 -0.530635 -0.661886 -0.809138 -0.969404 -1.13819 -1.30958 -1.47648 -1.631 -1.76497 -1.87058 -1.94094 -1.97063 -1.9561 -1.89589 -1.79061 -1.64281 -1.45655 -1.23706 -0.990215 -0.722212 -0.439247 -0.147397 0.147397 1.63204 0.477134 1.97337 0.817334 2.29787 1.11071 2.54502 1.29814 2.66206 1.33794 2.62226 1.2209 2.43483 0.973748 2.14145 0.64925 1.80126 0.307915 1.47152 0 0 0 0 0 0 0 0 0 0 0 0 0 0 0 0 0 0 0 0 0 0 0 0 0 0 0 0 0 0 0 0 0 0 0 0 0 0 0 0 0 0 0 0 0 0 0 0 0 0 0 0 

-0.0643102 -0.0643102 -0.0923432 -0.129957 -0.179252 -0.242325 -0.32107 -0.416933 -0.530635 -0.661886 -0.809138 -0.969404 -1.13819 -1.30958 -1.47648 -1.631 -1.76497 -1.87058 -1.94094 -1.97063 -1.9561 -1.89589 -1.79061 -1.64281 -1.45655 -1.23706 -0.990215 -0.722212 -0.439247 -0.147397 0.147397 1.63204 0.477134 1.97337 0.817334 2.29787 1.11071 2.54502 1.29814 2.66206 1.33794 2.62226 1.2209 2.43483 0.973748 2.14145 0.64925 1.80126 0.307915 1.47152 0 0 0 0 0 0 0 0 0 0 0 0 0 0 0 0 0 0 0 0 0 0 0 0 0 0 0 0 0 0 0 0 0 0 0 0 0 0 0 0 0 0 0 0 0 0 0 0 0 0 

-0.029366 -0.029366 -0.0438962 -0.0643102 -0.0923432 -0.129957 -0.179252 -0.242325 -0.32107 -0.416933 -0.530635 -0.661886 -0.809138 -0.969404 -1.13819 -1.30958 -1.47648 -1.631 -1.76497 -1.87058 -1.94094 -1.97063 -1.9561 -1.89589 -1.79061 -1.64281 -1.45655 -1.23706 -0.990215 -0.722212 -0.439247 -0.147397 0.147397 1.63204 0.477134 1.97337 0.817334 2.29787 1.11071 2.54502 1.29814 2.66206 1.33794 2.62226 1.2209 2.43483 0.973748 2.14145 0.64925 1.80126 0.307915 1.47152 0 0 0 0 0 0 0 0 0 0 0 0 0 0 0 0 0 0 0 0 0 0 0 0 0 0 0 0 0 0 0 0 0 0 0 0 0 0 0 0 0 0 0 0 0 0 0 0 

-0.0123736 -0.0123736 -0.0192546 -0.029366 -0.0438962 -0.0643102 -0.0923432 -0.129957 -0.179252 -0.242325 -0.32107 -0.416933 -0.530635 -0.661886 -0.809138 -0.969404 -1.13819 -1.30958 -1.47648 -1.631 -1.76497 -1.87058 -1.94094 -1.97063 -1.9561 -1.89589 -1.79061 -1.64281 -1.45655 -1.23706 -0.990215 -0.722212 -0.439247 -0.147397 0.147397 1.63204 0.477134 1.97337 0.817334 2.29787 1.11071 2.54502 1.29814 2.66206 1.33794 2.62226 1.2209 2.43483 0.973748 2.14145 0.64925 1.80126 0.307915 1.47152 0 0 0 0 0 0 0 0 0 0 0 0 0 0 0 0 0 0 0 0 0 0 0 0 0 0 0 0 0 0 0 0 0 0 0 0 0 0 0 0 0 0 0 0 0 0 

-0.004811 -0.004811 -0.00779343 -0.0123736 -0.0192546 -0.029366 -0.0438962 -0.0643102 -0.0923432 -0.129957 -0.179252 -0.242325 -0.32107 -0.416933 -0.530635 -0.661886 -0.809138 -0.969404 -1.13819 -1.30958 -1.47648 -1.631 -1.76497 -1.87058 -1.94094 -1.97063 -1.9561 -1.89589 -1.79061 -1.64281 -1.45655 -1.23706 -0.990215 -0.722212 -0.439247 -0.147397 0.147397 1.63204 0.477134 1.97337 0.817334 2.29787 1.11071 2.54502 1.29814 2.66206 1.33794 2.62226 1.2209 2.43483 0.973748 2.14145 0.64925 1.80126 0.307915 1.47152 0 0 0 0 0 0 0 0 0 0 0 0 0 0 0 0 0 0 0 0 0 0 0 0 0 0 0 0 0 0 0 0 0 0 0 0 0 0 0 0 0 0 0 0 

-0.0017261 -0.0017261 -0.00291081 -0.004811 -0.00779343 -0.0123736 -0.0192546 -0.029366 -0.0438962 -0.0643102 -0.0923432 -0.129957 -0.179252 -0.242325 -0.32107 -0.416933 -0.530635 -0.661886 -0.809138 -0.969404 -1.13819 -1.30958 -1.47648 -1.631 -1.76497 -1.87058 -1.94094 -1.97063 -1.9561 -1.89589 -1.79061 -1.64281 -1.45655 -1.23706 -0.990215 -0.722212 -0.439247 -0.147397 0.147397 1.63204 0.477134 1.97337 0.817334 2.29787 1.11071 2.54502 1.29814 2.66206 1.33794 2.62226 1.2209 2.43483 0.973748 2.14145 0.64925 1.80126 0.307915 1.47152 0 0 0 0 0 0 0 0 0 0 0 0 0 0 0 0 0 0 0 0 0 0 0 0 0 0 0 0 0 0 0 0 0 0 0 0 0 0 0 0 0 0 

-0.000571466 -0.000571466 -0.00100321 -0.0017261 -0.00291081 -0.004811 -0.00779343 -0.0123736 -0.0192546 -0.029366 -0.0438962 -0.0643102 -0.0923432 -0.129957 -0.179252 -0.242325 -0.32107 -0.416933 -0.530635 -0.661886 -0.809138 -0.969404 -1.13819 -1.30958 -1.47648 -1.631 -1.76497 -1.87058 -1.94094 -1.97063 -1.9561 -1.89589 -1.79061 -1.64281 -1.45655 -1.23706 -0.990215 -0.722212 -0.439247 -0.147397 0.147397 1.63204 0.477134 1.97337 0.817334 2.29787 1.11071 2.54502 1.29814 2.66206 1.33794 2.62226 1.2209 2.43483 0.973748 2.14145 0.64925 1.80126 0.307915 1.47152 0 0 0 0 0 0 0 0 0 0 0 0 0 0 0 0 0 0 0 0 0 0 0 0 0 0 0 0 0 0 0 0 0 0 0 0 0 0 0 0 

-0.000174586 -0.000174586 -0.000319053 -0.000571466 -0.00100321 -0.0017261 -0.00291081 -0.004811 -0.00779343 -0.0123736 -0.0192546 -0.029366 -0.0438962 -0.0643102 -0.0923432 -0.129957 -0.179252 -0.242325 -0.32107 -0.416933 -0.530635 -0.661886 -0.809138 -0.969404 -1.13819 -1.30958 -1.47648 -1.631 -1.76497 -1.87058 -1.94094 -1.97063 -1.9561 -1.89589 -1.79061 -1.64281 -1.45655 -1.23706 -0.990215 -0.722212 -0.439247 -0.147397 0.147397 1.63204 0.477134 1.97337 0.817334 2.29787 1.11071 2.54502 1.29814 2.66206 1.33794 2.62226 1.2209 2.43483 0.973748 2.14145 0.64925 1.80126 0.307915 1.47152 0 0 0 0 0 0 0 0 0 0 0 0 0 0 0 0 0 0 0 0 0 0 0 0 0 0 0 0 0 0 0 0 0 0 0 0 0 0 

-4.92181e-005 -4.92181e-005 -9.36333e-005 -0.000174586 -0.000319053 -0.000571466 -0.00100321 -0.0017261 -0.00291081 -0.004811 -0.00779343 -0.0123736 -0.0192546 -0.029366 -0.0438962 -0.0643102 -0.0923432 -0.129957 -0.179252 -0.242325 -0.32107 -0.416933 -0.530635 -0.661886 -0.809138 -0.969404 -1.13819 -1.30958 -1.47648 -1.631 -1.76497 -1.87058 -1.94094 -1.97063 -1.9561 -1.89589 -1.79061 -1.64281 -1.45655 -1.23706 -0.990215 -0.722212 -0.439247 -0.147397 0.147397 1.63204 0.477134 1.97337 0.817334 2.29787 1.11071 2.54502 1.29814 2.66206 1.33794 2.62226 1.2209 2.43483 0.973748 2.14145 0.64925 1.80126 0.307915 1.47152 0 0 0 0 0 0 0 0 0 0 0 0 0 0 0 0 0 0 0 0 0 0 0 0 0 0 0 0 0 0 0 0 0 0 0 0 

-1.28038e-005 -1.28038e-005 -2.53568e-005 -4.92181e-005 -9.36333e-005 -0.000174586 -0.000319053 -0.000571466 -0.00100321 -0.0017261 -0.00291081 -0.004811 -0.00779343 -0.0123736 -0.0192546 -0.029366 -0.0438962 -0.0643102 -0.0923432 -0.129957 -0.179252 -0.242325 -0.32107 -0.416933 -0.530635 -0.661886 -0.809138 -0.969404 -1.13819 -1.30958 -1.47648 -1.631 -1.76497 -1.87058 -1.94094 -1.97063 -1.9561 -1.89589 -1.79061 -1.64281 -1.45655 -1.23706 -0.990215 -0.722212 -0.439247 -0.147397 0.147397 1.63204 0.477134 1.97337 0.817334 2.29787 1.11071 2.54502 1.29814 2.66206 1.33794 2.62226 1.2209 2.43483 0.973748 2.14145 0.64925 1.80126 0.307915 1.47152 0 0 0 0 0 0 0 0 0 0 0 0 0 0 0 0 0 0 0 0 0 0 0 0 0 0 0 0 0 0 0 0 0 0 

-3.07365e-006 -3.07365e-006 -6.33665e-006 -1.28038e-005 -2.53568e-005 -4.92181e-005 -9.36333e-005 -0.000174586 -0.000319053 -0.000571466 -0.00100321 -0.0017261 -0.00291081 -0.004811 -0.00779343 -0.0123736 -0.0192546 -0.029366 -0.0438962 -0.0643102 -0.0923432 -0.129957 -0.179252 -0.242325 -0.32107 -0.416933 -0.530635 -0.661886 -0.809138 -0.969404 -1.13819 -1.30958 -1.47648 -1.631 -1.76497 -1.87058 -1.94094 -1.97063 -1.9561 -1.89589 -1.79061 -1.64281 -1.45655 -1.23706 -0.990215 -0.722212 -0.439247 -0.147397 0.147397 1.63204 0.477134 1.97337 0.817334 2.29787 1.11071 2.54502 1.29814 2.66206 1.33794 2.62226 1.2209 2.43483 0.973748 2.14145 0.64925 1.80126 0.307915 1.47152 0 0 0 0 0 0 0 0 0 0 0 0 0 0 0 0 0 0 0 0 0 0 0 0 0 0 0 0 0 0 0 0 

-6.80884e-007 -6.80884e-007 -1.46126e-006 -3.07365e-006 -6.33665e-006 -1.28038e-005 -2.53568e-005 -4.92181e-005 -9.36333e-005 -0.000174586 -0.000319053 -0.000571466 -0.00100321 -0.0017261 -0.00291081 -0.004811 -0.00779343 -0.0123736 -0.0192546 -0.029366 -0.0438962 -0.0643102 -0.0923432 -0.129957 -0.179252 -0.242325 -0.32107 -0.416933 -0.530635 -0.661886 -0.809138 -0.969404 -1.13819 -1.30958 -1.47648 -1.631 -1.76497 -1.87058 -1.94094 -1.97063 -1.9561 -1.89589 -1.79061 -1.64281 -1.45655 -1.23706 -0.990215 -0.722212 -0.439247 -0.147397 0.147397 1.63204 0.477134 1.97337 0.817334 2.29787 1.11071 2.54502 1.29814 2.66206 1.33794 2.62226 1.2209 2.43483 0.973748 2.14145 0.64925 1.80126 0.307915 1.47152 0 0 0 0 0 0 0 0 0 0 0 0 0 0 0 0 0 0 0 0 0 0 0 0 0 0 0 0 0 0 

-1.39186e-007 -1.39186e-007 -3.10954e-007 -6.80884e-007 -1.46126e-006 -3.07365e-006 -6.33665e-006 -1.28038e-005 -2.53568e-005 -4.92181e-005 -9.36333e-005 -0.000174586 -0.000319053 -0.000571466 -0.00100321 -0.0017261 -0.00291081 -0.004811 -0.00779343 -0.0123736 -0.0192546 -0.029366 -0.0438962 -0.0643102 -0.0923432 -0.129957 -0.179252 -0.242325 -0.32107 -0.416933 -0.530635 -0.661886 -0.809138 -0.969404 -1.13819 -1.30958 -1.47648 -1.631 -1.76497 -1.87058 -1.94094 -1.97063 -1.9561 -1.89589 -1.79061 -1.64281 -1.45655 -1.23706 -0.990215 -0.722212 -0.439247 -0.147397 0.147397 1.63204 0.477134 1.97337 0.817334 2.29787 1.11071 2.54502 1.29814 2.66206 1.33794 2.62226 1.2209 2.43483 0.973748 2.14145 0.64925 1.80126 0.307915 1.47152 0 0 0 0 0 0 0 0 0 0 0 0 0 0 0 0 0 0 0 0 0 0 0 0 0 0 0 0 

-2.62559e-008 -2.62559e-008 -6.10624e-008 -1.39186e-007 -3.10954e-007 -6.80884e-007 -1.46126e-006 -3.07365e-006 -6.33665e-006 -1.28038e-005 -2.53568e-005 -4.92181e-005 -9.36333e-005 -0.000174586 -0.000319053 -0.000571466 -0.00100321 -0.0017261 -0.00291081 -0.004811 -0.00779343 -0.0123736 -0.0192546 -0.029366 -0.0438962 -0.0643102 -0.0923432 -0.129957 -0.179252 -0.242325 -0.32107 -0.416933 -0.530635 -0.661886 -0.809138 -0.969404 -1.13819 -1.30958 -1.47648 -1.631 -1.76497 -1.87058 -1.94094 -1.97063 -1.9561 -1.89589 -1.79061 -1.64281 -1.45655 -1.23706 -0.990215 -0.722212 -0.439247 -0.147397 0.147397 1.63204 0.477134 1.97337 0.817334 2.29787 1.11071 2.54502 1.29814 2.66206 1.33794 2.62226 1.2209 2.43483 0.973748 2.14145 0.64925 1.80126 0.307915 1.47152 0 0 0 0 0 0 0 0 0 0 0 0 0 0 0 0 0 0 0 0 0 0 0 0 0 0 

-4.57055e-009 -4.57055e-009 -1.10652e-008 -2.62559e-008 -6.10624e-008 -1.39186e-007 -3.10954e-007 -6.80884e-007 -1.46126e-006 -3.07365e-006 -6.33665e-006 -1.28038e-005 -2.53568e-005 -4.92181e-005 -9.36333e-005 -0.000174586 -0.000319053 -0.000571466 -0.00100321 -0.0017261 -0.00291081 -0.004811 -0.00779343 -0.0123736 -0.0192546 -0.029366 -0.0438962 -0.0643102 -0.0923432 -0.129957 -0.179252 -0.242325 -0.32107 -0.416933 -0.530635 -0.661886 -0.809138 -0.969404 -1.13819 -1.30958 -1.47648 -1.631 -1.76497 -1.87058 -1.94094 -1.97063 -1.9561 -1.89589 -1.79061 -1.64281 -1.45655 -1.23706 -0.990215 -0.722212 -0.439247 -0.147397 0.147397 1.63204 0.477134 1.97337 0.817334 2.29787 1.11071 2.54502 1.29814 2.66206 1.33794 2.62226 1.2209 2.43483 0.973748 2.14145 0.64925 1.80126 0.307915 1.47152 0 0 0 0 0 0 0 0 0 0 0 0 0 0 0 0 0 0 0 0 0 0 0 0 

-7.34213e-010 -7.34213e-010 -1.85036e-009 -4.57055e-009 -1.10652e-008 -2.62559e-008 -6.10624e-008 -1.39186e-007 -3.10954e-007 -6.80884e-007 -1.46126e-006 -3.07365e-006 -6.33665e-006 -1.28038e-005 -2.53568e-005 -4.92181e-005 -9.36333e-005 -0.000174586 -0.000319053 -0.000571466 -0.00100321 -0.0017261 -0.00291081 -0.004811 -0.00779343 -0.0123736 -0.0192546 -0.029366 -0.0438962 -0.0643102 -0.0923432 -0.129957 -0.179252 -0.242325 -0.32107 -0.416933 -0.530635 -0.661886 -0.809138 -0.969404 -1.13819 -1.30958 -1.47648 -1.631 -1.76497 -1.87058 -1.94094 -1.97063 -1.9561 -1.89589 -1.79061 -1.64281 -1.45655 -1.23706 -0.990215 -0.722212 -0.439247 -0.147397 0.147397 1.63204 0.477134 1.97337 0.817334 2.29787 1.11071 2.54502 1.29814 2.66206 1.33794 2.62226 1.2209 2.43483 0.973748 2.14145 0.64925 1.80126 0.307915 1.47152 0 0 0 0 0 0 0 0 0 0 0 0 0 0 0 0 0 0 0 0 0 0 

-1.0884e-010 -1.0884e-010 -2.8554e-010 -7.34213e-010 -1.85036e-009 -4.57055e-009 -1.10652e-008 -2.62559e-008 -6.10624e-008 -1.39186e-007 -3.10954e-007 -6.80884e-007 -1.46126e-006 -3.07365e-006 -6.33665e-006 -1.28038e-005 -2.53568e-005 -4.92181e-005 -9.36333e-005 -0.000174586 -0.000319053 -0.000571466 -0.00100321 -0.0017261 -0.00291081 -0.004811 -0.00779343 -0.0123736 -0.0192546 -0.029366 -0.0438962 -0.0643102 -0.0923432 -0.129957 -0.179252 -0.242325 -0.32107 -0.416933 -0.530635 -0.661886 -0.809138 -0.969404 -1.13819 -1.30958 -1.47648 -1.631 -1.76497 -1.87058 -1.94094 -1.97063 -1.9561 -1.89589 -1.79061 -1.64281 -1.45655 -1.23706 -0.990215 -0.722212 -0.439247 -0.147397 0.147397 1.63204 0.477134 1.97337 0.817334 2.29787 1.11071 2.54502 1.29814 2.66206 1.33794 2.62226 1.2209 2.43483 0.973748 2.14145 0.64925 1.80126 0.307915 1.47152 0 0 0 0 0 0 0 0 0 0 0 0 0 0 0 0 0 0 0 0 

-1.48894e-011 -1.48894e-011 -4.06624e-011 -1.0884e-010 -2.8554e-010 -7.34213e-010 -1.85036e-009 -4.57055e-009 -1.10652e-008 -2.62559e-008 -6.10624e-008 -1.39186e-007 -3.10954e-007 -6.80884e-007 -1.46126e-006 -3.07365e-006 -6.33665e-006 -1.28038e-005 -2.53568e-005 -4.92181e-005 -9.36333e-005 -0.000174586 -0.000319053 -0.000571466 -0.00100321 -0.0017261 -0.00291081 -0.004811 -0.00779343 -0.0123736 -0.0192546 -0.029366 -0.0438962 -0.0643102 -0.0923432 -0.129957 -0.179252 -0.242325 -0.32107 -0.416933 -0.530635 -0.661886 -0.809138 -0.969404 -1.13819 -1.30958 -1.47648 -1.631 -1.76497 -1.87058 -1.94094 -1.97063 -1.9561 -1.89589 -1.79061 -1.64281 -1.45655 -1.23706 -0.990215 -0.722212 -0.439247 -0.147397 0.147397 1.63204 0.477134 1.97337 0.817334 2.29787 1.11071 2.54502 1.29814 2.66206 1.33794 2.62226 1.2209 2.43483 0.973748 2.14145 0.64925 1.80126 0.307915 1.47152 0 0 0 0 0 0 0 0 0 0 0 0 0 0 0 0 0 0 

-1.87967e-012 -1.87967e-012 -5.34366e-012 -1.48894e-011 -4.06624e-011 -1.0884e-010 -2.8554e-010 -7.34213e-010 -1.85036e-009 -4.57055e-009 -1.10652e-008 -2.62559e-008 -6.10624e-008 -1.39186e-007 -3.10954e-007 -6.80884e-007 -1.46126e-006 -3.07365e-006 -6.33665e-006 -1.28038e-005 -2.53568e-005 -4.92181e-005 -9.36333e-005 -0.000174586 -0.000319053 -0.000571466 -0.00100321 -0.0017261 -0.00291081 -0.004811 -0.00779343 -0.0123736 -0.0192546 -0.029366 -0.0438962 -0.0643102 -0.0923432 -0.129957 -0.179252 -0.242325 -0.32107 -0.416933 -0.530635 -0.661886 -0.809138 -0.969404 -1.13819 -1.30958 -1.47648 -1.631 -1.76497 -1.87058 -1.94094 -1.97063 -1.9561 -1.89589 -1.79061 -1.64281 -1.45655 -1.23706 -0.990215 -0.722212 -0.439247 -0.147397 0.147397 1.63204 0.477134 1.97337 0.817334 2.29787 1.11071 2.54502 1.29814 2.66206 1.33794 2.62226 1.2209 2.43483 0.973748 2.14145 0.64925 1.80126 0.307915 1.47152 0 0 0 0 0 0 0 0 0 0 0 0 0 0 0 0 

-2.18983e-013 -2.18983e-013 -6.48045e-013 -1.87967e-012 -5.34366e-012 -1.48894e-011 -4.06624e-011 -1.0884e-010 -2.8554e-010 -7.34213e-010 -1.85036e-009 -4.57055e-009 -1.10652e-008 -2.62559e-008 -6.10624e-008 -1.39186e-007 -3.10954e-007 -6.80884e-007 -1.46126e-006 -3.07365e-006 -6.33665e-006 -1.28038e-005 -2.53568e-005 -4.92181e-005 -9.36333e-005 -0.000174586 -0.000319053 -0.000571466 -0.00100321 -0.0017261 -0.00291081 -0.004811 -0.00779343 -0.0123736 -0.0192546 -0.029366 -0.0438962 -0.0643102 -0.0923432 -0.129957 -0.179252 -0.242325 -0.32107 -0.416933 -0.530635 -0.661886 -0.809138 -0.969404 -1.13819 -1.30958 -1.47648 -1.631 -1.76497 -1.87058 -1.94094 -1.97063 -1.9561 -1.89589 -1.79061 -1.64281 -1.45655 -1.23706 -0.990215 -0.722212 -0.439247 -0.147397 0.147397 1.63204 0.477134 1.97337 0.817334 2.29787 1.11071 2.54502 1.29814 2.66206 1.33794 2.62226 1.2209 2.43483 0.973748 2.14145 0.64925 1.80126 0.307915 1.47152 0 0 0 0 0 0 0 0 0 0 0 0 0 0 

-2.35431e-014 -2.35431e-014 -7.25263e-014 -2.18983e-013 -6.48045e-013 -1.87967e-012 -5.34366e-012 -1.48894e-011 -4.06624e-011 -1.0884e-010 -2.8554e-010 -7.34213e-010 -1.85036e-009 -4.57055e-009 -1.10652e-008 -2.62559e-008 -6.10624e-008 -1.39186e-007 -3.10954e-007 -6.80884e-007 -1.46126e-006 -3.07365e-006 -6.33665e-006 -1.28038e-005 -2.53568e-005 -4.92181e-005 -9.36333e-005 -0.000174586 -0.000319053 -0.000571466 -0.00100321 -0.0017261 -0.00291081 -0.004811 -0.00779343 -0.0123736 -0.0192546 -0.029366 -0.0438962 -0.0643102 -0.0923432 -0.129957 -0.179252 -0.242325 -0.32107 -0.416933 -0.530635 -0.661886 -0.809138 -0.969404 -1.13819 -1.30958 -1.47648 -1.631 -1.76497 -1.87058 -1.94094 -1.97063 -1.9561 -1.89589 -1.79061 -1.64281 -1.45655 -1.23706 -0.990215 -0.722212 -0.439247 -0.147397 0.147397 1.63204 0.477134 1.97337 0.817334 2.29787 1.11071 2.54502 1.29814 2.66206 1.33794 2.62226 1.2209 2.43483 0.973748 2.14145 0.64925 1.80126 0.307915 1.47152 0 0 0 0 0 0 0 0 0 0 0 0 

-2.33585e-015 -2.33585e-015 -7.49053e-015 -2.35431e-014 -7.25263e-014 -2.18983e-013 -6.48045e-013 -1.87967e-012 -5.34366e-012 -1.48894e-011 -4.06624e-011 -1.0884e-010 -2.8554e-010 -7.34213e-010 -1.85036e-009 -4.57055e-009 -1.10652e-008 -2.62559e-008 -6.10624e-008 -1.39186e-007 -3.10954e-007 -6.80884e-007 -1.46126e-006 -3.07365e-006 -6.33665e-006 -1.28038e-005 -2.53568e-005 -4.92181e-005 -9.36333e-005 -0.000174586 -0.000319053 -0.000571466 -0.00100321 -0.0017261 -0.00291081 -0.004811 -0.00779343 -0.0123736 -0.0192546 -0.029366 -0.0438962 -0.0643102 -0.0923432 -0.129957 -0.179252 -0.242325 -0.32107 -0.416933 -0.530635 -0.661886 -0.809138 -0.969404 -1.13819 -1.30958 -1.47648 -1.631 -1.76497 -1.87058 -1.94094 -1.97063 -1.9561 -1.89589 -1.79061 -1.64281 -1.45655 -1.23706 -0.990215 -0.722212 -0.439247 -0.147397 0.147397 1.63204 0.477134 1.97337 0.817334 2.29787 1.11071 2.54502 1.29814 2.66206 1.33794 2.62226 1.2209 2.43483 0.973748 2.14145 0.64925 1.80126 0.307915 1.47152 0 0 0 0 0 0 0 0 0 0 

-2.13873e-016 -2.13873e-016 -7.13936e-016 -2.33585e-015 -7.49053e-015 -2.35431e-014 -7.25263e-014 -2.18983e-013 -6.48045e-013 -1.87967e-012 -5.34366e-012 -1.48894e-011 -4.06624e-011 -1.0884e-010 -2.8554e-010 -7.34213e-010 -1.85036e-009 -4.57055e-009 -1.10652e-008 -2.62559e-008 -6.10624e-008 -1.39186e-007 -3.10954e-007 -6.80884e-007 -1.46126e-006 -3.07365e-006 -6.33665e-006 -1.28038e-005 -2.53568e-005 -4.92181e-005 -9.36333e-005 -0.000174586 -0.000319053 -0.000571466 -0.00100321 -0.0017261 -0.00291081 -0.004811 -0.00779343 -0.0123736 -0.0192546 -0.029366 -0.0438962 -0.0643102 -0.0923432 -0.129957 -0.179252 -0.242325 -0.32107 -0.416933 -0.530635 -0.661886 -0.809138 -0.969404 -1.13819 -1.30958 -1.47648 -1.631 -1.76497 -1.87058 -1.94094 -1.97063 -1.9561 -1.89589 -1.79061 -1.64281 -1.45655 -1.23706 -0.990215 -0.722212 -0.439247 -0.147397 0.147397 1.63204 0.477134 1.97337 0.817334 2.29787 1.11071 2.54502 1.29814 2.66206 1.33794 2.62226 1.2209 2.43483 0.973748 2.14145 0.64925 1.80126 0.307915 1.47152 0 0 0 0 0 0 0 0 

-1.80718e-017 -1.80718e-017 -6.27968e-017 -2.13873e-016 -7.13936e-016 -2.33585e-015 -7.49053e-015 -2.35431e-014 -7.25263e-014 -2.18983e-013 -6.48045e-013 -1.87967e-012 -5.34366e-012 -1.48894e-011 -4.06624e-011 -1.0884e-010 -2.8554e-010 -7.34213e-010 -1.85036e-009 -4.57055e-009 -1.10652e-008 -2.62559e-008 -6.10624e-008 -1.39186e-007 -3.10954e-007 -6.80884e-007 -1.46126e-006 -3.07365e-006 -6.33665e-006 -1.28038e-005 -2.53568e-005 -4.92181e-005 -9.36333e-005 -0.000174586 -0.000319053 -0.000571466 -0.00100321 -0.0017261 -0.00291081 -0.004811 -0.00779343 -0.0123736 -0.0192546 -0.029366 -0.0438962 -0.0643102 -0.0923432 -0.129957 -0.179252 -0.242325 -0.32107 -0.416933 -0.530635 -0.661886 -0.809138 -0.969404 -1.13819 -1.30958 -1.47648 -1.631 -1.76497 -1.87058 -1.94094 -1.97063 -1.9561 -1.89589 -1.79061 -1.64281 -1.45655 -1.23706 -0.990215 -0.722212 -0.439247 -0.147397 0.147397 1.63204 0.477134 1.97337 0.817334 2.29787 1.11071 2.54502 1.29814 2.66206 1.33794 2.62226 1.2209 2.43483 0.973748 2.14145 0.64925 1.80126 0.307915 1.47152 0 0 0 0 0 0 

-1.40924e-018 -1.40924e-018 -5.09742e-018 -1.80718e-017 -6.27968e-017 -2.13873e-016 -7.13936e-016 -2.33585e-015 -7.49053e-015 -2.35431e-014 -7.25263e-014 -2.18983e-013 -6.48045e-013 -1.87967e-012 -5.34366e-012 -1.48894e-011 -4.06624e-011 -1.0884e-010 -2.8554e-010 -7.34213e-010 -1.85036e-009 -4.57055e-009 -1.10652e-008 -2.62559e-008 -6.10624e-008 -1.39186e-007 -3.10954e-007 -6.80884e-007 -1.46126e-006 -3.07365e-006 -6.33665e-006 -1.28038e-005 -2.53568e-005 -4.92181e-005 -9.36333e-005 -0.000174586 -0.000319053 -0.000571466 -0.00100321 -0.0017261 -0.00291081 -0.004811 -0.00779343 -0.0123736 -0.0192546 -0.029366 -0.0438962 -0.0643102 -0.0923432 -0.129957 -0.179252 -0.242325 -0.32107 -0.416933 -0.530635 -0.661886 -0.809138 -0.969404 -1.13819 -1.30958 -1.47648 -1.631 -1.76497 -1.87058 -1.94094 -1.97063 -1.9561 -1.89589 -1.79061 -1.64281 -1.45655 -1.23706 -0.990215 -0.722212 -0.439247 -0.147397 0.147397 1.63204 0.477134 1.97337 0.817334 2.29787 1.11071 2.54502 1.29814 2.66206 1.33794 2.62226 1.2209 2.43483 0.973748 2.14145 0.64925 1.80126 0.307915 1.47152 0 0 0 0 

-1.01415e-019 -1.01415e-019 -3.81857e-019 -1.40924e-018 -5.09742e-018 -1.80718e-017 -6.27968e-017 -2.13873e-016 -7.13936e-016 -2.33585e-015 -7.49053e-015 -2.35431e-014 -7.25263e-014 -2.18983e-013 -6.48045e-013 -1.87967e-012 -5.34366e-012 -1.48894e-011 -4.06624e-011 -1.0884e-010 -2.8554e-010 -7.34213e-010 -1.85036e-009 -4.57055e-009 -1.10652e-008 -2.62559e-008 -6.10624e-008 -1.39186e-007 -3.10954e-007 -6.80884e-007 -1.46126e-006 -3.07365e-006 -6.33665e-006 -1.28038e-005 -2.53568e-005 -4.92181e-005 -9.36333e-005 -0.000174586 -0.000319053 -0.000571466 -0.00100321 -0.0017261 -0.00291081 -0.004811 -0.00779343 -0.0123736 -0.0192546 -0.029366 -0.0438962 -0.0643102 -0.0923432 -0.129957 -0.179252 -0.242325 -0.32107 -0.416933 -0.530635 -0.661886 -0.809138 -0.969404 -1.13819 -1.30958 -1.47648 -1.631 -1.76497 -1.87058 -1.94094 -1.97063 -1.9561 -1.89589 -1.79061 -1.64281 -1.45655 -1.23706 -0.990215 -0.722212 -0.439247 -0.147397 0.147397 1.63204 0.477134 1.97337 0.817334 2.29787 1.11071 2.54502 1.29814 2.66206 1.33794 2.62226 1.2209 2.43483 0.973748 2.14145 0.64925 1.80126 0.307915 1.47152 0 0 

-1.47152 -1.47152 -2.63993e-020 -1.01415e-019 -3.81857e-019 -1.40924e-018 -5.09742e-018 -1.80718e-017 -6.27968e-017 -2.13873e-016 -7.13936e-016 -2.33585e-015 -7.49053e-015 -2.35431e-014 -7.25263e-014 -2.18983e-013 -6.48045e-013 -1.87967e-012 -5.34366e-012 -1.48894e-011 -4.06624e-011 -1.0884e-010 -2.8554e-010 -7.34213e-010 -1.85036e-009 -4.57055e-009 -1.10652e-008 -2.62559e-008 -6.10624e-008 -1.39186e-007 -3.10954e-007 -6.80884e-007 -1.46126e-006 -3.07365e-006 -6.33665e-006 -1.28038e-005 -2.53568e-005 -4.92181e-005 -9.36333e-005 -0.000174586 -0.000319053 -0.000571466 -0.00100321 -0.0017261 -0.00291081 -0.004811 -0.00779343 -0.0123736 -0.0192546 -0.029366 -0.0438962 -0.0643102 -0.0923432 -0.129957 -0.179252 -0.242325 -0.32107 -0.416933 -0.530635 -0.661886 -0.809138 -0.969404 -1.13819 -1.30958 -1.47648 -1.631 -1.76497 -1.87058 -1.94094 -1.97063 -1.9561 -1.89589 -1.79061 -1.64281 -1.45655 -1.23706 -0.990215 -0.722212 -0.439247 -0.147397 0.147397 1.63204 0.477134 1.97337 0.817334 2.29787 1.11071 2.54502 1.29814 2.66206 1.33794 2.62226 1.2209 2.43483 0.973748 2.14145 0.64925 1.80126 0.307915 0 

-1.80126 -1.80126 -0.307915 -1.47152 -2.63993e-020 -1.01415e-019 -3.81857e-019 -1.40924e-018 -5.09742e-018 -1.80718e-017 -6.27968e-017 -2.13873e-016 -7.13936e-016 -2.33585e-015 -7.49053e-015 -2.35431e-014 -7.25263e-014 -2.18983e-013 -6.48045e-013 -1.87967e-012 -5.34366e-012 -1.48894e-011 -4.06624e-011 -1.0884e-010 -2.8554e-010 -7.34213e-010 -1.85036e-009 -4.57055e-009 -1.10652e-008 -2.62559e-008 -6.10624e-008 -1.39186e-007 -3.10954e-007 -6.80884e-007 -1.46126e-006 -3.07365e-006 -6.33665e-006 -1.28038e-005 -2.53568e-005 -4.92181e-005 -9.36333e-005 -0.000174586 -0.000319053 -0.000571466 -0.00100321 -0.0017261 -0.00291081 -0.004811 -0.00779343 -0.0123736 -0.0192546 -0.029366 -0.0438962 -0.0643102 -0.0923432 -0.129957 -0.179252 -0.242325 -0.32107 -0.416933 -0.530635 -0.661886 -0.809138 -0.969404 -1.13819 -1.30958 -1.47648 -1.631 -1.76497 -1.87058 -1.94094 -1.97063 -1.9561 -1.89589 -1.79061 -1.64281 -1.45655 -1.23706 -0.990215 -0.722212 -0.439247 -0.147397 0.147397 1.63204 0.477134 1.97337 0.817334 2.29787 1.11071 2.54502 1.29814 2.66206 1.33794 2.62226 1.2209 2.43483 0.973748 0.669937 0.341336 0 

-2.14145 -2.14145 -0.64925 -1.80126 -0.307915 -1.47152 -2.63993e-020 -1.01415e-019 -3.81857e-019 -1.40924e-018 -5.09742e-018 -1.80718e-017 -6.27968e-017 -2.13873e-016 -7.13936e-016 -2.33585e-015 -7.49053e-015 -2.35431e-014 -7.25263e-014 -2.18983e-013 -6.48045e-013 -1.87967e-012 -5.34366e-012 -1.48894e-011 -4.06624e-011 -1.0884e-010 -2.8554e-010 -7.34213e-010 -1.85036e-009 -4.57055e-009 -1.10652e-008 -2.62559e-008 -6.10624e-008 -1.39186e-007 -3.10954e-007 -6.80884e-007 -1.46126e-006 -3.07365e-006 -6.33665e-006 -1.28038e-005 -2.53568e-005 -4.92181e-005 -9.36333e-005 -0.000174586 -0.000319053 -0.000571466 -0.00100321 -0.0017261 -0.00291081 -0.004811 -0.00779343 -0.0123736 -0.0192546 -0.029366 -0.0438962 -0.0643102 -0.0923432 -0.129957 -0.179252 -0.242325 -0.32107 -0.416933 -0.530635 -0.661886 -0.809138 -0.969404 -1.13819 -1.30958 -1.47648 -1.631 -1.76497 -1.87058 -1.94094 -1.97063 -1.9561 -1.89589 -1.79061 -1.64281 -1.45655 -1.23706 -0.990215 -0.722212 -0.439247 -0.147397 0.147397 1.63204 0.477134 1.97337 0.817334 2.29787 1.11071 2.54502 1.29814 2.66206 1.33794 1.15074 0.912983 0.633572 0.324498 0 

-2.43483 -2.43483 -0.973748 -2.14145 -0.64925 -1.80126 -0.307915 -1.47152 -2.63993e-020 -1.01415e-019 -3.81857e-019 -1.40924e-018 -5.09742e-018 -1.80718e-017 -6.27968e-017 -2.13873e-016 -7.13936e-016 -2.33585e-015 -7.49053e-015 -2.35431e-014 -7.25263e-014 -2.18983e-013 -6.48045e-013 -1.87967e-012 -5.34366e-012 -1.48894e-011 -4.06624e-011 -1.0884e-010 -2.8554e-010 -7.34213e-010 -1.85036e-009 -4.57055e-009 -1.10652e-008 -2.62559e-008 -6.10624e-008 -1.39186e-007 -3.10954e-007 -6.80884e-007 -1.46126e-006 -3.07365e-006 -6.33665e-006 -1.28038e-005 -2.53568e-005 -4.92181e-005 -9.36333e-005 -0.000174586 -0.000319053 -0.000571466 -0.00100321 -0.0017261 -0.00291081 -0.004811 -0.00779343 -0.0123736 -0.0192546 -0.029366 -0.0438962 -0.0643102 -0.0923432 -0.129957 -0.179252 -0.242325 -0.32107 -0.416933 -0.530635 -0.661886 -0.809138 -0.969404 -1.13819 -1.30958 -1.47648 -1.631 -1.76497 -1.87058 -1.94094 -1.97063 -1.9561 -1.89589 -1.79061 -1.64281 -1.45655 -1.23706 -0.990215 -0.722212 -0.439247 -0.147397 0.147397 1.63204 0.477134 1.97337 0.817334 2.29787 1.11071 1.0735 0.990224 0.860805 0.688689 0.480805 0.24715 0 

-2.62226 -2.62226 -1.2209 -2.43483 -0.973748 -2.14145 -0.64925 -1.80126 -0.307915 -1.47152 -2.63993e-020 -1.01415e-019 -3.81857e-019 -1.40924e-018 -5.09742e-018 -1.80718e-017 -6.27968e-017 -2.13873e-016 -7.13936e-016 -2.33585e-015 -7.49053e-015 -2.35431e-014 -7.25263e-014 -2.18983e-013 -6.48045e-013 -1.87967e-012 -5.34366e-012 -1.48894e-011 -4.06624e-011 -1.0884e-010 -2.8554e-010 -7.34213e-010 -1.85036e-009 -4.57055e-009 -1.10652e-008 -2.62559e-008 -6.10624e-008 -1.39186e-007 -3.10954e-007 -6.80884e-007 -1.46126e-006 -3.07365e-006 -6.33665e-006 -1.28038e-005 -2.53568e-005 -4.92181e-005 -9.36333e-005 -0.000174586 -0.000319053 -0.000571466 -0.00100321 -0.0017261 -0.00291081 -0.004811 -0.00779343 -0.0123736 -0.0192546 -0.029366 -0.0438962 -0.0643102 -0.0923432 -0.129957 -0.179252 -0.242325 -0.32107 -0.416933 -0.530635 -0.661886 -0.809138 -0.969404 -1.13819 -1.30958 -1.47648 -1.631 -1.76497 -1.87058 -1.94094 -1.97063 -1.9561 -1.89589 -1.79061 -1.64281 -1.45655 -1.23706 -0.990215 -0.722212 -0.439247 -0.147397 0.147397 1.63204 0.477134 0.501854 0.509419 0.496614 0.461455 0.403564 0.32439 0.227234 0.117042 0 

-2.66206 -2.66206 -1.33794 -2.62226 -1.2209 -2.43483 -0.973748 -2.14145 -0.64925 -1.80126 -0.307915 -1.47152 -2.63993e-020 -1.01415e-019 -3.81857e-019 -1.40924e-018 -5.09742e-018 -1.80718e-017 -6.27968e-017 -2.13873e-016 -7.13936e-016 -2.33585e-015 -7.49053e-015 -2.35431e-014 -7.25263e-014 -2.18983e-013 -6.48045e-013 -1.87967e-012 -5.34366e-012 -1.48894e-011 -4.06624e-011 -1.0884e-010 -2.8554e-010 -7.34213e-010 -1.85036e-009 -4.57055e-009 -1.10652e-008 -2.62559e-008 -6.10624e-008 -1.39186e-007 -3.10954e-007 -6.80884e-007 -1.46126e-006 -3.07365e-006 -6.33665e-006 -1.28038e-005 -2.53568e-005 -4.92181e-005 -9.36333e-005 -0.000174586 -0.000319053 -0.000571466 -0.00100321 -0.0017261 -0.00291081 -0.004811 -0.00779343 -0.0123736 -0.0192546 -0.029366 -0.0438962 -0.0643102 -0.0923432 -0.129957 -0.179252 -0.242325 -0.32107 -0.416933 -0.530635 -0.661886 -0.809138 -0.969404 -1.13819 -1.30958 -1.47648 -1.631 -1.76497 -1.87058 -1.94094 -1.97063 -1.9561 -1.89589 -1.79061 -1.64281 -1.45655 -1.23706 -0.990215 -0.722212 -0.439247 -1.61891 -0.160518 -0.169219 -0.172116 -0.168083 -0.156415 -0.136957 -0.110192 -0.0772409 -0.0398007 0 

-2.54502 -2.54502 -1.29814 -2.66206 -1.33794 -2.62226 -1.2209 -2.43483 -0.973748 -2.14145 -0.64925 -1.80126 -0.307915 -1.47152 -2.63993e-020 -1.01415e-019 -3.81857e-019 -1.40924e-018 -5.09742e-018 -1.80718e-017 -6.27968e-017 -2.13873e-016 -7.13936e-016 -2.33585e-015 -7.49053e-015 -2.35431e-014 -7.25263e-014 -2.18983e-013 -6.48045e-013 -1.87967e-012 -5.34366e-012 -1.48894e-011 -4.06624e-011 -1.0884e-010 -2.8554e-010 -7.34213e-010 -1.85036e-009 -4.57055e-009 -1.10652e-008 -2.62559e-008 -6.10624e-008 -1.39186e-007 -3.10954e-007 -6.80884e-007 -1.46126e-006 -3.07365e-006 -6.33665e-006 -1.28038e-005 -2.53568e-005 -4.92181e-005 -9.36333e-005 -0.000174586 -0.000319053 -0.000571466 -0.00100321 -0.0017261 -0.00291081 -0.004811 -0.00779343 -0.0123736 -0.0192546 -0.029366 -0.0438962 -0.0643102 -0.0923432 -0.129957 -0.179252 -0.242325 -0.32107 -0.416933 -0.530635 -0.661886 -0.809138 -0.969404 -1.13819 -1.30958 -1.47648 -1.631 -1.76497 -1.87058 -1.94094 -1.97063 -1.9561 -1.89589 -1.79061 -1.64281 -1.45655 -2.70857 -1.29813 -2.52347 -1.0885 -2.28885 -0.826352 -0.802791 -0.743764 -0.648888 -0.520606 -0.364191 -0.187433 0 

-2.29787 -2.29787 -1.11071 -2.54502 -1.29814 -2.66206 -1.33794 -2.62226 -1.2209 -2.43483 -0.973748 -2.14145 -0.64925 -1.80126 -0.307915 -1.47152 -2.63993e-020 -1.01415e-019 -3.81857e-019 -1.40924e-018 -5.09742e-018 -1.80718e-017 -6.27968e-017 -2.13873e-016 -7.13936e-016 -2.33585e-015 -7.49053e-015 -2.35431e-014 -7.25263e-014 -2.18983e-013 -6.48045e-013 -1.87967e-012 -5.34366e-012 -1.48894e-011 -4.06624e-011 -1.0884e-010 -2.8554e-010 -7.34213e-010 -1.85036e-009 -4.57055e-009 -1.10652e-008 -2.62559e-008 -6.10624e-008 -1.39186e-007 -3.10954e-007 -6.80884e-007 -1.46126e-006 -3.07365e-006 -6.33665e-006 -1.28038e-005 -2.53568e-005 -4.92181e-005 -9.36333e-005 -0.000174586 -0.000319053 -0.000571466 -0.00100321 -0.0017261 -0.00291081 -0.004811 -0.00779343 -0.0123736 -0.0192546 -0.029366 -0.0438962 -0.0643102 -0.0923432 -0.129957 -0.179252 -0.242325 -0.32107 -0.416933 -0.530635 -0.661886 -0.809138 -0.969404 -1.13819 -1.30958 -1.47648 -1.631 -1.76497 -1.87058 -1.94094 -1.97063 -1.9561 -3.36741 -2.09853 -3.44406 -2.1058 -3.37851 -1.96396 -3.15704 -1.66014 -2.76966 -1.19054 -1.03002 -0.821005 -0.571647 -0.293372 0 

-1.97337 -1.97337 -0.817334 -2.29787 -1.11071 -2.54502 -1.29814 -2.66206 -1.33794 -2.62226 -1.2209 -2.43483 -0.973748 -2.14145 -0.64925 -1.80126 -0.307915 -1.47152 -2.63993e-020 -1.01415e-019 -3.81857e-019 -1.40924e-018 -5.09742e-018 -1.80718e-017 -6.27968e-017 -2.13873e-016 -7.13936e-016 -2.33585e-015 -7.49053e-015 -2.35431e-014 -7.25263e-014 -2.18983e-013 -6.48045e-013 -1.87967e-012 -5.34366e-012 -1.48894e-011 -4.06624e-011 -1.0884e-010 -2.8554e-010 -7.34213e-010 -1.85036e-009 -4.57055e-009 -1.10652e-008 -2.62559e-008 -6.10624e-008 -1.39186e-007 -3.10954e-007 -6.80884e-007 -1.46126e-006 -3.07365e-006 -6.33665e-006 -1.28038e-005 -2.53568e-005 -4.92181e-005 -9.36333e-005 -0.000174586 -0.000319053 -0.000571466 -0.00100321 -0.0017261 -0.00291081 -0.004811 -0.00779343 -0.0123736 -0.0192546 -0.029366 -0.0438962 -0.0643102 -0.0923432 -0.129957 -0.179252 -0.242325 -0.32107 -0.416933 -0.530635 -0.661886 -0.809138 -0.969404 -1.13819 -1.30958 -1.47648 -1.631 -1.76497 -3.3421 -2.24886 -3.77189 -2.60535 -4.03734 -2.76436 -4.07763 -2.67745 -3.85932 -2.32815 -3.38427 -1.73739 -2.69242 -0.963309 -0.665834 -0.3402 0 

-1.63204 -1.63204 -0.477134 -1.97337 -0.817334 -2.29787 -1.11071 -2.54502 -1.29814 -2.66206 -1.33794 -2.62226 -1.2209 -2.43483 -0.973748 -2.14145 -0.64925 -1.80126 -0.307915 -1.47152 -2.63993e-020 -1.01415e-019 -3.81857e-019 -1.40924e-018 -5.09742e-018 -1.80718e-017 -6.27968e-017 -2.13873e-016 -7.13936e-016 -2.33585e-015 -7.49053e-015 -2.35431e-014 -7.25263e-014 -2.18983e-013 -6.48045e-013 -1.87967e-012 -5.34366e-012 -1.48894e-011 -4.06624e-011 -1.0884e-010 -2.8554e-010 -7.34213e-010 -1.85036e-009 -4.57055e-009 -1.10652e-008 -2.62559e-008 -6.10624e-008 -1.39186e-007 -3.10954e-007 -6.80884e-007 -1.46126e-006 -3.07365e-006 -6.33665e-006 -1.28038e-005 -2.53568e-005 -4.92181e-005 -9.36333e-005 -0.000174586 -0.000319053 -0.000571466 -0.00100321 -0.0017261 -0.00291081 -0.004811 -0.00779343 -0.0123736 -0.0192546 -0.029366 -0.0438962 -0.0643102 -0.0923432 -0.129957 -0.179252 -0.242325 -0.32107 -0.416933 -0.530635 -0.661886 -0.809138 -0.969404 -1.13819 -2.7811 -1.7844 -3.43225 -2.41422 -4.01204 -2.91469 -4.40546 -3.177 -4.51815 -3.12855 -4.30487 -2.75469 -3.78208 -2.10092 -3.02008 -1.25658 -2.12077 -0.329737 0 

0.147397 0.147397 -0.147397 -1.63204 -0.477134 -1.97337 -0.817334 -2.29787 -1.11071 -2.54502 -1.29814 -2.66206 -1.33794 -2.62226 -1.2209 -2.43483 -0.973748 -2.14145 -0.64925 -1.80126 -0.307915 -1.47152 -2.63993e-020 -1.01415e-019 -3.81857e-019 -1.40924e-018 -5.09742e-018 -1.80718e-017 -6.27968e-017 -2.13873e-016 -7.13936e-016 -2.33585e-015 -7.49053e-015 -2.35431e-014 -7.25263e-014 -2.18983e-013 -6.48045e-013 -1.87967e-012 -5.34366e-012 -1.48894e-011 -4.06624e-011 -1.0884e-010 -2.8554e-010 -7.34213e-010 -1.85036e-009 -4.57055e-009 -1.10652e-008 -2.62559e-008 -6.10624e-008 -1.39186e-007 -3.10954e-007 -6.80884e-007 -1.46126e-006 -3.07365e-006 -6.33665e-006 -1.28038e-005 -2.53568e-005 -4.92181e-005 -9.36333e-005 -0.000174586 -0.000319053 -0.000571466 -0.00100321 -0.0017261 -0.00291081 -0.004811 -0.00779343 -0.0123736 -0.0192546 -0.029366 -0.0438962 -0.0643102 -0.0923432 -0.129957 -0.179252 -0.242325 -0.32107 -0.416933 -0.530635 -2.1334 -1.11705 -2.77066 -1.78744 -3.45104 -2.45023 -4.06582 -2.98587 -4.49284 -3.27888 -4.63269 -3.25424 -4.44091 -2.90132 -3.94068 -2.27388 -3.21043 -1.46735 -2.35425 -0.586643 0 

0.722212 0.722212 0.439247 0.147397 -0.147397 -1.63204 -0.477134 -1.97337 -0.817334 -2.29787 -1.11071 -2.54502 -1.29814 -2.66206 -1.33794 -2.62226 -1.2209 -2.43483 -0.973748 -2.14145 -0.64925 -1.80126 -0.307915 -1.47152 -2.63993e-020 -1.01415e-019 -3.81857e-019 -1.40924e-018 -5.09742e-018 -1.80718e-017 -6.27968e-017 -2.13873e-016 -7.13936e-016 -2.33585e-015 -7.49053e-015 -2.35431e-014 -7.25263e-014 -2.18983e-013 -6.48045e-013 -1.87967e-012 -5.34366e-012 -1.48894e-011 -4.06624e-011 -1.0884e-010 -2.8554e-010 -7.34213e-010 -1.85036e-009 -4.57055e-009 -1.10652e-008 -2.62559e-008 -6.10624e-008 -1.39186e-007 -3.10954e-007 -6.80884e-007 -1.46126e-006 -3.07365e-006 -6.33665e-006 -1.28038e-005 -2.53568e-005 -4.92181e-005 -9.36333e-005 -0.000174586 -0.000319053 -0.000571466 -0.00100321 -0.0017261 -0.00291081 -0.004811 -0.00779343 -0.0123736 -0.0192546 -0.029366 -0.0438962 -0.0643102 -0.0923432 -0.129957 -0.179252 -1.71384 -0.628985 -2.21819 -1.17989 -2.80334 -1.78289 -3.40423 -2.35909 -3.93184 -2.81442 -4.29306 -3.06311 -4.4156 -3.05165 -4.2685 -2.77344 -3.86926 -2.26775 -3.27484 -1.60395 -1.08966 -0.550969 0 

1.23706 1.23706 0.990215 0.722212 0.439247 0.147397 -0.147397 -1.63204 -0.477134 -1.97337 -0.817334 -2.29787 -1.11071 -2.54502 -1.29814 -2.66206 -1.33794 -2.62226 -1.2209 -2.43483 -0.973748 -2.14145 -0.64925 -1.80126 -0.307915 -1.47152 -2.63993e-020 -1.01415e-019 -3.81857e-019 -1.40924e-018 -5.09742e-018 -1.80718e-017 -6.27968e-017 -2.13873e-016 -7.13936e-016 -2.33585e-015 -7.49053e-015 -2.35431e-014 -7.25263e-014 -2.18983e-013 -6.48045e-013 -1.87967e-012 -5.34366e-012 -1.48894e-011 -4.06624e-011 -1.0884e-010 -2.8554e-010 -7.34213e-010 -1.85036e-009 -4.57055e-009 -1.10652e-008 -2.62559e-008 -6.10624e-008 -1.39186e-007 -3.10954e-007 -6.80884e-007 -1.46126e-006 -3.07365e-006 -6.33665e-006 -1.28038e-005 -2.53568e-005 -4.92181e-005 -9.36333e-005 -0.000174586 -0.000319053 -0.000571466 -0.00100321 -0.0017261 -0.00291081 -0.004811 -0.00779343 -0.0123736 -0.0192546 -0.029366 -0.0438962 -1.53583 -0.400258 -1.93121 -0.828503 -2.38378 -1.29482 -2.85176 -1.75153 -3.28415 -2.14708 -3.63146 -2.43633 -3.8546 -2.58719 -3.92887 -2.58231 -3.84396 -2.41808 -3.60267 -2.1035 -1.74849 -1.35137 -0.920594 -0.466335 0 

1.64281 1.64281 1.45655 1.23706 0.990215 0.722212 0.439247 0.147397 -0.147397 -1.63204 -0.477134 -1.97337 -0.817334 -2.29787 -1.11071 -2.54502 -1.29814 -2.66206 -1.33794 -2.62226 -1.2209 -2.43483 -0.973748 -2.14145 -0.64925 -1.80126 -0.307915 -1.47152 -2.63993e-020 -1.01415e-019 -3.81857e-019 -1.40924e-018 -5.09742e-018 -1.80718e-017 -6.27968e-017 -2.13873e-016 -7.13936e-016 -2.33585e-015 -7.49053e-015 -2.35431e-014 -7.25263e-014 -2.18983e-013 -6.48045e-013 -1.87967e-012 -5.34366e-012 -1.48894e-011 -4.06624e-011 -1.0884e-010 -2.8554e-010 -7.34213e-010 -1.85036e-009 -4.57055e-009 -1.10652e-008 -2.62559e-008 -6.10624e-008 -1.39186e-007 -3.10954e-007 -6.80884e-007 -1.46126e-006 -3.07365e-006 -6.33665e-006 -1.28038e-005 -2.53568e-005 -4.92181e-005 -9.36333e-005 -0.000174586 -0.000319053 -0.000571466 -0.00100321 -0.0017261 -0.00291081 -0.004811 -0.00779343 -1.48389 -0.327169 -1.83062 -0.693147 -2.20577 -1.06609 -2.56478 -1.40015 -2.86459 -1.65901 -3.07899 -1.82877 -3.20691 -1.91984 -3.26727 -1.95553 -3.28296 -1.95362 -3.26303 -1.91237 -1.72319 -1.5017 -1.24842 -0.965888 -0.658832 -0.334064 0 

1.89589 1.89589 1.79061 1.64281 1.45655 1.23706 0.990215 0.722212 0.439247 0.147397 -0.147397 -1.63204 -0.477134 -1.97337 -0.817334 -2.29787 -1.11071 -2.54502 -1.29814 -2.66206 -1.33794 -2.62226 -1.2209 -2.43483 -0.973748 -2.14145 -0.64925 -1.80126 -0.307915 -1.47152 -2.63993e-020 -1.01415e-019 -3.81857e-019 -1.40924e-018 -5.09742e-018 -1.80718e-017 -6.27968e-017 -2.13873e-016 -7.13936e-016 -2.33585e-015 -7.49053e-015 -2.35431e-014 -7.25263e-014 -2.18983e-013 -6.48045e-013 -1.87967e-012 -5.34366e-012 -1.48894e-011 -4.06624e-011 -1.0884e-010 -2.8554e-010 -7.34213e-010 -1.85036e-009 -4.57055e-009 -1.10652e-008 -2.62559e-008 -6.10624e-008 -1.39186e-007 -3.10954e-007 -6.80884e-007 -1.46126e-006 -3.07365e-006 -6.33665e-006 -1.28038e-005 -2.53568e-005 -4.92181e-005 -9.36333e-005 -0.000174586 -0.000319053 -0.000571466 -0.00100321 -1.47324 -0.310825 -1.80607 -0.657044 -2.15383 -0.993003 -2.46419 -1.26479 -2.68657 -1.43028 -2.79202 -1.47739 -2.78734 -1.43178 -2.7148 -1.34797 -2.63526 -1.28627 -2.60144 -1.28559 -1.16219 -1.03724 -0.908786 -0.774757 -0.633529 -0.484395 -0.327828 -0.16549 0 

1.97063 1.97063 1.9561 1.89589 1.79061 1.64281 1.45655 1.23706 0.990215 0.722212 0.439247 0.147397 -0.147397 -1.63204 -0.477134 -1.97337 -0.817334 -2.29787 -1.11071 -2.54502 -1.29814 -2.66206 -1.33794 -2.62226 -1.2209 -2.43483 -0.973748 -2.14145 -0.64925 -1.80126 -0.307915 -1.47152 -2.63993e-020 -1.01415e-019 -3.81857e-019 -1.40924e-018 -5.09742e-018 -1.80718e-017 -6.27968e-017 -2.13873e-016 -7.13936e-016 -2.33585e-015 -7.49053e-015 -2.35431e-014 -7.25263e-014 -2.18983e-013 -6.48045e-013 -1.87967e-012 -5.34366e-012 -1.48894e-011 -4.06624e-011 -1.0884e-010 -2.8554e-010 -7.34213e-010 -1.85036e-009 -4.57055e-009 -1.10652e-008 -2.62559e-008 -6.10624e-008 -1.39186e-007 -3.10954e-007 -6.80884e-007 -1.46126e-006 -3.07365e-006 -6.33665e-006 -1.28038e-005 -2.53568e-005 -4.92181e-005 -9.36333e-005 -1.47169 -0.308234 -1.80183 -0.650254 -2.14318 -0.976659 -2.43964 -1.22869 -2.63463 -1.35719 -2.69143 -1.34203 -2.60933 -1.20305 -2.42783 -0.996586 -2.2157 -0.798204 -2.04897 -0.678031 -0.51449 -0.369891 -0.247192 -0.147976 -0.0725287 -0.0199334 0.0118083 0.0256409 0.0253036 0.0151588 0 

1.87058 1.87058 1.94094 1.97063 1.9561 1.89589 1.79061 1.64281 1.45655 1.23706 0.990215 0.722212 0.439247 0.147397 -0.147397 -1.63204 -0.477134 -1.97337 -0.817334 -2.29787 -1.11071 -2.54502 -1.29814 -2.66206 -1.33794 -2.62226 -1.2209 -2.43483 -0.973748 -2.14145 -0.64925 -1.80126 -0.307915 -1.47152 -2.63993e-020 -1.01415e-019 -3.81857e-019 -1.40924e-018 -5.09742e-018 -1.80718e-017 -6.27968e-017 -2.13873e-016 -7.13936e-016 -2.33585e-015 -7.49053e-015 -2.35431e-014 -7.25263e-014 -2.18983e-013 -6.48045e-013 -1.87967e-012 -5.34366e-012 -1.48894e-011 -4.06624e-011 -1.0884e-010 -2.8554e-010 -7.34213e-010 -1.85036e-009 -4.57055e-009 -1.10652e-008 -2.62559e-008 -6.10624e-008 -1.39186e-007 -3.10954e-007 -6.80884e-007 -1.46126e-006 -3.07365e-006 -6.33665e-006 -1.47153 -0.30794 -1.8013 -0.649344 -2.14163 -0.974067 -2.4354 -1.2219 -2.62399 -1.34085 -2.66687 -1.30593 -2.55739 -1.12996 -2.32724 -0.86123 -2.03768 -0.569477 -1.76199 -0.326649 -0.0949288 0.118176 0.305279 0.459581 0.57517 0.647412 0.673402 0.652422 0.586304 0.47962 0.339636 0.175972 0 

1.631 1.631 1.76497 1.87058 1.94094 1.97063 1.9561 1.89589 1.79061 1.64281 1.45655 1.23706 0.990215 0.722212 0.439247 0.147397 -0.147397 -1.63204 -0.477134 -1.97337 -0.817334 -2.29787 -1.11071 -2.54502 -1.29814 -2.66206 -1.33794 -2.62226 -1.2209 -2.43483 -0.973748 -2.14145 -0.64925 -1.80126 -0.307915 -1.47152 -2.63993e-020 -1.01415e-019 -3.81857e-019 -1.40924e-018 -5.09742e-018 -1.80718e-017 -6.27968e-017 -2.13873e-016 -7.13936e-016 -2.33585e-015 -7.49053e-015 -2.35431e-014 -7.25263e-014 -2.18983e-013 -6.48045e-013 -1.87967e-012 -5.34366e-012 -1.48894e-011 -4.06624e-011 -1.0884e-010 -2.8554e-010 -7.34213e-010 -1.85036e-009 -4.57055e-009 -1.10652e-008 -2.62559e-008 -6.10624e-008 -1.39186e-007 -3.10954e-007 -1.47152 -0.307916 -1.80126 -0.649257 -2.14147 -0.973774 -2.43488 -1.22099 -2.62243 -1.33826 -2.66263 -1.29914 -2.54675 -1.11362 -2.30268 -0.825127 -1.98575 -0.496388 -1.6614 -0.191293 0.0830863 0.346903 0.592255 0.810963 0.994731 1.13548 1.22587 1.25998 1.234 1.14697 1.00123 0.802753 0.561 0.288489 0 

1.30958 1.30958 1.47648 1.631 1.76497 1.87058 1.94094 1.97063 1.9561 1.89589 1.79061 1.64281 1.45655 1.23706 0.990215 0.722212 0.439247 0.147397 -0.147397 -1.63204 -0.477134 -1.97337 -0.817334 -2.29787 -1.11071 -2.54502 -1.29814 -2.66206 -1.33794 -2.62226 -1.2209 -2.43483 -0.973748 -2.14145 -0.64925 -1.80126 -0.307915 -1.47152 -2.63993e-020 -1.01415e-019 -3.81857e-019 -1.40924e-018 -5.09742e-018 -1.80718e-017 -6.27968e-017 -2.13873e-016 -7.13936e-016 -2.33585e-015 -7.49053e-015 -2.35431e-014 -7.25263e-014 -2.18983e-013 -6.48045e-013 -1.87967e-012 -5.34366e-012 -1.48894e-011 -4.06624e-011 -1.0884e-010 -2.8554e-010 -7.34213e-010 -1.85036e-009 -4.57055e-009 -1.10652e-008 -1.47152 -0.307915 -1.80126 -0.649251 -2.14146 -0.97375 -2.43483 -1.2209 -2.62227 -1.33796 -2.66211 -1.29823 -2.54519 -1.11102 -2.29844 -0.818337 -1.9751 -0.480045 -1.63685 -0.15519 0.135023 0.419992 0.692846 0.946319 1.17275 1.36421 1.51285 1.61136 1.65356 1.63503 1.5537 1.41031 1.2087 0.955835 0.661594 0.338292 0 

0.969404 0.969404 1.13819 1.30958 1.47648 1.631 1.76497 1.87058 1.94094 1.97063 1.9561 1.89589 1.79061 1.64281 1.45655 1.23706 0.990215 0.722212 0.439247 0.147397 -0.147397 -1.63204 -0.477134 -1.97337 -0.817334 -2.29787 -1.11071 -2.54502 -1.29814 -2.66206 -1.33794 -2.62226 -1.2209 -2.43483 -0.973748 -2.14145 -0.64925 -1.80126 -0.307915 -1.47152 -2.63993e-020 -1.01415e-019 -3.81857e-019 -1.40924e-018 -5.09742e-018 -1.80718e-017 -6.27968e-017 -2.13873e-016 -7.13936e-016 -2.33585e-015 -7.49053e-015 -2.35431e-014 -7.25263e-014 -2.18983e-013 -6.48045e-013 -1.87967e-012 -5.34366e-012 -1.48894e-011 -4.06624e-011 -1.0884e-010 -2.8554e-010 -1.47152 -0.307915 -1.80126 -0.64925 -2.14145 -0.973748 -2.43483 -1.2209 -2.62226 -1.33794 -2.66206 -1.29815 -2.54503 -1.11073 -2.29792 -0.817427 -1.97355 -0.477453 -1.63261 -0.1484 0.14567 0.436336 0.717401 0.982422 1.22468 1.4373 1.61344 1.74672 1.83158 1.86376 1.84068 1.76169 1.62826 1.4439 1.21406 0.945849 0.647699 0.329053 0 

0.661886 0.661886 0.809138 0.969404 1.13819 1.30958 1.47648 1.631 1.76497 1.87058 1.94094 1.97063 1.9561 1.89589 1.79061 1.64281 1.45655 1.23706 0.990215 0.722212 0.439247 0.147397 -0.147397 -1.63204 -0.477134 -1.97337 -0.817334 -2.29787 -1.11071 -2.54502 -1.29814 -2.66206 -1.33794 -2.62226 -1.2209 -2.43483 -0.973748 -2.14145 -0.64925 -1.80126 -0.307915 -1.47152 -2.63993e-020 -1.01415e-019 -3.81857e-019 -1.40924e-018 -5.09742e-018 -1.80718e-017 -6.27968e-017 -2.13873e-016 -7.13936e-016 -2.33585e-015 -7.49053e-015 -2.35431e-014 -7.25263e-014 -2.18983e-013 -6.48045e-013 -1.87967e-012 -5.34366e-012 -1.47152 -0.307915 -1.80126 -0.64925 -2.14145 -0.973748 -2.43483 -1.2209 -2.62226 -1.33794 -2.66206 -1.29814 -2.54502 -1.11071 -2.29787 -0.81734 -1.97338 -0.477159 -1.63208 -0.14749 0.147222 0.438928 0.721641 0.989212 1.23533 1.45364 1.638 1.78282 1.88351 1.93685 1.94127 1.89705 1.80627 1.67263 1.50104 1.29723 1.06726 0.817121 0.55247 0.278503 0 

0.416933 0.416933 0.530635 0.661886 0.809138 0.969404 1.13819 1.30958 1.47648 1.631 1.76497 1.87058 1.94094 1.97063 1.9561 1.89589 1.79061 1.64281 1.45655 1.23706 0.990215 0.722212 0.439247 0.147397 -0.147397 -1.63204 -0.477134 -1.97337 -0.817334 -2.29787 -1.11071 -2.54502 -1.29814 -2.66206 -1.33794 -2.62226 -1.2209 -2.43483 -0.973748 -2.14145 -0.64925 -1.80126 -0.307915 -1.47152 -2.63993e-020 -1.01415e-019 -3.81857e-019 -1.40924e-018 -5.09742e-018 -1.80718e-017 -6.27968e-017 -2.13873e-016 -7.13936e-016 -2.33585e-015 -7.49053e-015 -2.35431e-014 -7.25263e-014 -1.47152 -0.307915 -1.80126 -0.64925 -2.14145 -0.973748 -2.43483 -1.2209 -2.62226 -1.33794 -2.66206 -1.29814 -2.54502 -1.11071 -2.29787 -0.817334 -1.97337 -0.477135 -1.63204 -0.147403 0.147384 0.439221 0.722163 0.990122 1.23688 1.45623 1.64223 1.78961 1.89416 1.95319 1.96582 1.93315 1.85821 1.74572 1.60163 1.43259 1.24527 1.04585 0.839447 0.629886 0.419561 0.209565 0 

0.242325 0.242325 0.32107 0.416933 0.530635 0.661886 0.809138 0.969404 1.13819 1.30958 1.47648 1.631 1.76497 1.87058 1.94094 1.97063 1.9561 1.89589 1.79061 1.64281 1.45655 1.23706 0.990215 0.722212 0.439247 0.147397 -0.147397 -1.63204 -0.477134 -1.97337 -0.817334 -2.29787 -1.11071 -2.54502 -1.29814 -2.66206 -1.33794 -2.62226 -1.2209 -2.43483 -0.973748 -2.14145 -0.64925 -1.80126 -0.307915 -1.47152 -2.63993e-020 -1.01415e-019 -3.81857e-019 -1.40924e-018 -5.09742e-018 -1.80718e-017 -6.27968e-017 -2.13873e-016 -7.13936e-016 -1.47152 -0.307915 -1.80126 -0.64925 -2.14145 -0.973748 -2.43483 -1.2209 -2.62226 -1.33794 -2.66206 -1.29814 -2.54502 -1.11071 -2.29787 -0.817334 -1.97337 -0.477134 -1.63204 -0.147397 0.147396 0.439245 0.722209 0.990209 1.23704 1.45652 1.64276 1.79052 1.89571 1.95578 1.97006 1.93994 1.86886 1.76206 1.62619 1.46869 1.29721 1.11894 0.940038 0.765242 0.597576 0.438292 0.286976 0.141818 0 

0.129957 0.129957 0.179252 0.242325 0.32107 0.416933 0.530635 0.661886 0.809138 0.969404 1.13819 1.30958 1.47648 1.631 1.76497 1.87058 1.94094 1.97063 1.9561 1.89589 1.79061 1.64281 1.45655 1.23706 0.990215 0.722212 0.439247 0.147397 -0.147397 -1.63204 -0.477134 -1.97337 -0.817334 -2.29787 -1.11071 -2.54502 -1.29814 -2.66206 -1.33794 -2.62226 -1.2209 -2.43483 -0.973748 -2.14145 -0.64925 -1.80126 -0.307915 -1.47152 -2.63993e-020 -1.01415e-019 -3.81857e-019 -1.40924e-018 -5.09742e-018 -1.47152 -0.307915 -1.80126 -0.64925 -2.14145 -0.973748 -2.43483 -1.2209 -2.62226 -1.33794 -2.66206 -1.29814 -2.54502 -1.11071 -2.29787 -0.817334 -1.97337 -0.477134 -1.63204 -0.147397 0.147396 0.439247 0.722212 0.990215 1.23706 1.45655 1.6428 1.79061 1.89588 1.95608 1.97058 1.94085 1.87041 1.76465 1.63043 1.47548 1.30786 1.13528 0.964593 0.801345 0.649512 0.51138 0.387567 0.277174 0.178015 0.0869092 0 

0.0643102 0.0643102 0.0923432 0.129957 0.179252 0.242325 0.32107 0.416933 0.530635 0.661886 0.809138 0.969404 1.13819 1.30958 1.47648 1.631 1.76497 1.87058 1.94094 1.97063 1.9561 1.89589 1.79061 1.64281 1.45655 1.23706 0.990215 0.722212 0.439247 0.147397 -0.147397 -1.63204 -0.477134 -1.97337 -0.817334 -2.29787 -1.11071 -2.54502 -1.29814 -2.66206 -1.33794 -2.62226 -1.2209 -2.43483 -0.973748 -2.14145 -0.64925 -1.80126 -0.307915 -1.47152 -2.63993e-020 -1.47152 -0.307915 -1.80126 -0.64925 -2.14145 -0.973748 -2.43483 -1.2209 -2.62226 -1.33794 -2.66206 -1.29814 -2.54502 -1.11071 -2.29787 -0.817334 -1.97337 -0.477134 -1.63204 -0.147397 0.147397 0.439247 0.722212 0.990215 1.23706 1.45655 1.64281 1.79061 1.89589 1.9561 1.97063 1.94094 1.87057 1.76495 1.63095 1.47639 1.30941 1.13787 0.968832 0.808135 0.66016 0.527724 0.412122 0.313277 0.229952 0.159998 0.100591 0.048447 0 

0.029366 0.029366 0.0438962 0.0643102 0.0923432 0.129957 0.179252 0.242325 0.32107 0.416933 0.530635 0.661886 0.809138 0.969404 1.13819 1.30958 1.47648 1.631 1.76497 1.87058 1.94094 1.97063 1.9561 1.89589 1.79061 1.64281 1.45655 1.23706 0.990215 0.722212 0.439247 0.147397 -0.147397 -1.63204 -0.477134 -1.97337 -0.817334 -2.29787 -1.11071 -2.54502 -1.29814 -2.66206 -1.33794 -2.62226 -1.2209 -2.43483 -0.973748 -2.14145 -0.64925 -3.27277 -0.615829 -3.27277 -0.64925 -2.14145 -0.973748 -2.43483 -1.2209 -2.62226 -1.33794 -2.66206 -1.29814 -2.54502 -1.11071 -2.29787 -0.817334 -1.97337 -0.477134 -1.63204 -0.147397 0.147397 0.439247 0.722212 0.990215 1.23706 1.45655 1.64281 1.79061 1.89589 1.9561 1.97063 1.94094 1.87058 1.76497 1.63099 1.47648 1.30957 1.13817 0.969354 0.809044 0.661711 0.530316 0.416362 0.320067 0.240599 0.176342 0.125146 0.0845498 0.0519367 0.0246416 0 

0.0123736 0.0123736 0.0192546 0.029366 0.0438962 0.0643102 0.0923432 0.129957 0.179252 0.242325 0.32107 0.416933 0.530635 0.661886 0.809138 0.969404 1.13819 1.30958 1.47648 1.631 1.76497 1.87058 1.94094 1.97063 1.9561 1.89589 1.79061 1.64281 1.45655 1.23706 0.990215 0.722212 0.439247 0.147397 -0.147397 -1.63204 -0.477134 -1.97337 -0.817334 -2.29787 -1.11071 -2.54502 -1.29814 -2.66206 -1.33794 -2.62226 -1.2209 -3.90634 -1.28166 -3.94271 -1.2985 -3.94271 -1.28166 -3.90634 -1.2209 -2.62226 -1.33794 -2.66206 -1.29814 -2.54502 -1.11071 -2.29787 -0.817334 -1.97337 -0.477134 -1.63204 -0.147397 0.147397 0.439247 0.722212 0.990215 1.23706 1.45655 1.64281 1.79061 1.89589 1.9561 1.97063 1.94094 1.87058 1.76497 1.631 1.47648 1.30958 1.13819 0.969401 0.809132 0.661873 0.53061 0.416884 0.320977 0.242151 0.178933 0.129386 0.09134 0.0625841 0.0409853 0.024555 0.0114611 0 

0.004811 0.004811 0.00779343 0.0123736 0.0192546 0.029366 0.0438962 0.0643102 0.0923432 0.129957 0.179252 0.242325 0.32107 0.416933 0.530635 0.661886 0.809138 0.969404 1.13819 1.30958 1.47648 1.631 1.76497 1.87058 1.94094 1.97063 1.9561 1.89589 1.79061 1.64281 1.45655 1.23706 0.990215 0.722212 0.439247 0.147397 -0.147397 -1.63204 -0.477134 -1.97337 -0.817334 -2.29787 -1.11071 -2.54502 -1.29814 -4.13358 -1.64585 -4.42352 -1.87015 -4.57628 -1.9475 -4.57628 -1.87015 -4.42352 -1.64585 -4.13358 -1.29814 -2.54502 -1.11071 -2.29787 -0.817334 -1.97337 -0.477134 -1.63204 -0.147397 0.147397 0.439247 0.722212 0.990215 1.23706 1.45655 1.64281 1.79061 1.89589 1.9561 1.97063 1.94094 1.87058 1.76497 1.631 1.47648 1.30958 1.13819 0.969404 0.809138 0.661885 0.530633 0.41693 0.321064 0.242313 0.179227 0.129908 0.0922496 0.0641357 0.0435771 0.0287945 0.0182513 0.0106475 0.00488262 0 

0.0017261 0.0017261 0.00291081 0.004811 0.00779343 0.0123736 0.0192546 0.029366 0.0438962 0.0643102 0.0923432 0.129957 0.179252 0.242325 0.32107 0.416933 0.530635 0.661886 0.809138 0.969404 1.13819 1.30958 1.47648 1.631 1.76497 1.87058 1.94094 1.97063 1.9561 1.89589 1.79061 1.64281 1.45655 1.23706 0.990215 0.722212 0.439247 0.147397 -0.147397 -1.63204 -0.477134 -1.97337 -0.817334 -3.76939 -1.41862 -4.34627 -1.94739 -4.80352 -2.31169 -5.05709 -2.4418 -5.05709 -2.31169 -4.80352 -1.94739 -4.34627 -1.41862 -3.76939 -0.817334 -1.97337 -0.477134 -1.63204 -0.147397 0.147397 0.439247 0.722212 0.990215 1.23706 1.45655 1.64281 1.79061 1.89589 1.9561 1.97063 1.94094 1.87058 1.76497 1.631 1.47648 1.30958 1.13819 0.969404 0.809138 0.661886 0.530635 0.416933 0.32107 0.242325 0.179251 0.129954 0.0923369 0.0642974 0.0438708 0.0293167 0.0191609 0.012199 0.00747438 0.00423953 0.0019076 0 

0.000571466 0.000571466 0.00100321 0.0017261 0.00291081 0.004811 0.00779343 0.0123736 0.0192546 0.029366 0.0438962 0.0643102 0.0923432 0.129957 0.179252 0.242325 0.32107 0.416933 0.530635 0.661886 0.809138 0.969404 1.13819 1.30958 1.47648 1.631 1.76497 1.87058 1.94094 1.97063 1.9561 1.89589 1.79061 1.64281 1.45655 1.23706 0.990215 0.722212 0.439247 0.147397 -0.147397 -3.10355 -0.785048 -3.77463 -1.46658 -4.43932 -2.08445 -4.97985 -2.51904 -5.28432 -2.67588 -5.28432 -2.51904 -4.97985 -2.08445 -4.43932 -1.46658 -3.77463 -0.785048 -3.10355 -0.147397 0.147397 0.439247 0.722212 0.990215 1.23706 1.45655 1.64281 1.79061 1.89589 1.9561 1.97063 1.94094 1.87058 1.76497 1.631 1.47648 1.30958 1.13819 0.969404 0.809138 0.661886 0.530635 0.416933 0.32107 0.242325 0.179252 0.129957 0.0923429 0.0643096 0.0438947 0.0293629 0.0192482 0.0123608 0.00776808 0.00476178 0.00281718 0.00155152 0.000684156 0 

0.000174586 0.000174586 0.000319053 0.000571466 0.00100321 0.0017261 0.00291081 0.004811 0.00779343 0.0123736 0.0192546 0.029366 0.0438962 0.0643102 0.0923432 0.129957 0.179252 0.242325 0.32107 0.416933 0.530635 0.661886 0.809138 0.969404 1.13819 1.30958 1.47648 1.631 1.76497 1.87058 1.94094 1.97063 1.9561 1.89589 1.79061 1.64281 1.45655 1.23706 0.990215 -0.749306 0.131332 -1.65386 -0.796647 -3.77349 -1.45088 -4.4082 -2.03823 -4.92013 -2.44865 -5.20708 -2.59628 -5.20708 -2.44865 -4.92013 -2.03823 -4.4082 -1.45088 -3.77349 -0.796647 -1.65386 0.131332 -0.749306 0.990215 1.23706 1.45655 1.64281 1.79061 1.89589 1.9561 1.97063 1.94094 1.87058 1.76497 1.631 1.47648 1.30958 1.13819 0.969404 0.809138 0.661886 0.530635 0.416933 0.32107 0.242325 0.179252 0.129957 0.0923432 0.0643102 0.0438961 0.0293658 0.0192542 0.0123729 0.00779197 0.00480792 0.00290448 0.0017133 0.000977853 0.000522248 0.00022542 0 

