0
-9.12095e-018
-2.66061e-018
-4.99897e-017
-2.43265e-017
6.33357e-017
-1.55891e-016
1.99241e-017
4.14071e-017
-2.53499e-016
1.39144e-016
-2.24657e-016
2.3599e-016
-4.1304e-016
2.53554e-016
-4.33006e-016
2.36653e-016
-4.9177e-016
2.99561e-016
-3.4074e-016
8.76746e-017
-3.02457e-016
-4.75676e-016
-2.00823e-015
-5.83924e-015
-1.81377e-014
-5.49261e-014
-1.61729e-013
-4.70341e-013
-1.33545e-012
-3.72287e-012
-1.01652e-011
-2.72106e-011
-7.13845e-011
-1.83554e-010
-4.62589e-010
-1.14264e-009
-2.7663e-009
-6.56399e-009
-1.52656e-008
-3.47966e-008
-7.77386e-008
-1.70221e-007
-3.65314e-007
-7.68413e-007
-1.58416e-006
-3.20096e-006
-6.33921e-006
-1.23045e-005
-2.34083e-005
-4.36465e-005
-7.97633e-005
-0.000142867
-0.000250802
-0.000431526
-0.000727704
-0.00120275
-0.00194836
-0.0030934
-0.00481365
-0.00734152
-0.0109741
-0.0160777
-0.0230862
-0.03249
-0.0448147
-0.0605845
-0.0802739
-0.104246
-0.132682
-0.165515
-0.202364
-0.242494
-0.284799
-0.327828
-0.369849
-0.408952
-0.443192
-0.47074
-0.49005
-0.5
-0.5
-0.49005
-0.47074
-0.443192
-0.408952
-0.369849
-0.327828
-0.284799
-0.242494
-0.202364
-0.165515
-0.132682
-0.104246
-0.0802739
-0.0605845
-0.0448147
-0.03249
-0.0230862
-0.0160777
-0.0109741
-0.00734152
-0.00481365
-0.0030934
-0.00194836
-0.00120275
-0.000727704
-0.000431526
-0.000250802
-0.000142867
-7.97633e-005
-4.36465e-005
4.36465e-005
-4.36465e-005
4.36465e-005
-4.36465e-005
4.36465e-005
-4.36465e-005
4.36465e-005
-4.36465e-005
4.36465e-005
-4.36465e-005
4.36465e-005
-4.36465e-005
4.36465e-005
-4.36465e-005
4.36465e-005
-4.36465e-005
4.36465e-005
-4.36465e-005
4.36465e-005
-4.36465e-005
4.36465e-005
-4.36464e-005
4.36467e-005
-4.3646e-005
4.36477e-005
-4.36437e-005
4.36531e-005
-4.36312e-005
4.36813e-005
-4.35688e-005
4.38167e-005
-4.32812e-005
4.44149e-005
-4.20623e-005
4.68475e-005
-3.73073e-005
5.5951e-005
-2.02382e-005
8.7293e-005
3.61168e-005
0.000186513
0.000207156
0.000475172
0.000684057
0.0012464
0.00190471
0.00313705
0.00477001
0.00738517
0.0109305
0.0161214
0.0230425
0.0325337
0.044771
0.0606282
0.0802302
0.104289
0.132638
0.165559
0.202321
0.242537
0.284755
0.327871
0.369805
0.408996
0.443148
0.470783
0.490006
0.500044
0.499956
0.490093
0.470696
0.443235
0.408909
0.369892
0.327784
0.284842
0.242574
0.202507
0.165766
0.133114
0.104973
0.0814766
0.0625329
0.0479081
0.0373037
0.0304277
0.0270518
